S	I	R	Total	Time

2021.0	0.0	0.0	2021.0	0.0

2021.0	0.0	0.0	2021.0	1.0

2021.0	0.0	0.0	2021.0	1.0

2021.0	0.0	0.0	2021.0	2.0

2021.0	4.32471482188e-10	1.03024110161e-10	2021.0	2.0

2021.0	4.18127979482e-10	1.63765210493e-10	2021.0	3.0

2021.0	1.62835207806e-09	5.50282161147e-10	2021.0	3.0

2021.0	1.57434557497e-09	7.78986020296e-10	2021.0	4.0

2020.99999999	4.14188210881e-09	1.75841360097e-09	2021.0	4.0

2020.99999999	4.00451097642e-09	2.34014554653e-09	2021.0	5.0

2020.99999999	8.89999429781e-09	4.43683567893e-09	2021.0	5.0

2020.99999999	8.60481392741e-09	5.6868497697e-09	2021.0	6.0

2020.99999997	1.74516799645e-08	9.78359202818e-09	2021.0	6.0

2020.99999997	1.68728713514e-08	1.22346998754e-08	2021.0	7.0

2020.99999995	3.23850321512e-08	1.98123708421e-08	2021.0	7.0

2020.99999994	3.1310938678e-08	2.43608846011e-08	2021.0	8.0

2020.9999999	5.80263535018e-08	3.78991935718e-08	2021.0	8.0

2020.9999999	5.61018308618e-08	4.60490594129e-08	2021.0	9.0

2020.99999983	1.0161556735e-07	6.96980044016e-08	2021.0	9.0

2020.99999982	9.82453493683e-08	8.39700237735e-08	2021.0	10.0

2020.9999997	1.75289814942e-07	1.24677912219e-07	2021.0	10.0

2020.99999968	1.69476090709e-07	1.49297561549e-07	2021.0	11.0

2020.99999948	2.99446680949e-07	2.18712568164e-07	2021.0	11.0

2020.99999945	2.89515126016e-07	2.60770187314e-07	2021.0	12.0

2020.99999911	5.08480325492e-07	3.78460003363e-07	2021.0	12.0

2020.99999906	4.91615886481e-07	4.49876630213e-07	2021.0	13.0

2020.99999849	8.60637131043e-07	6.48810249377e-07	2021.0	13.0

2020.9999984	8.32092934357e-07	7.69687690958e-07	2021.0	14.0

2020.99999744	1.45510548219e-06	1.10563428099e-06	2021.0	14.0

2020.99999728	1.40684493701e-06	1.31000546318e-06	2021.0	15.0

2020.99999566	2.46198762495e-06	1.87779123359e-06	2021.0	15.0

2020.9999954	2.3803324688e-06	2.22358013178e-06	2021.0	16.0

2020.99999264	4.17559949827e-06	3.1855157143e-06	2021.0	16.0

2020.99999219	4.03711008131e-06	3.77198330456e-06	2021.0	17.0

2020.99998748	7.11086372267e-06	5.40824707589e-06	2021.0	17.0

2020.99998672	6.87502228729e-06	6.40697578856e-06	2021.0	18.0

2020.99997861	1.21811687501e-05	9.20639143984e-06	2021.0	18.0

2020.99997731	1.17771637689e-05	1.09172501282e-05	2021.0	19.0

2020.99996322	2.10343204649e-05	1.57441096226e-05	2021.0	19.0

2020.99996096	2.03366886835e-05	1.86984033069e-05	2021.0	20.0

2020.99993619	3.67041915572e-05	2.71062524489e-05	2021.0	20.0

2020.99993225	3.54868471838e-05	3.22613969378e-05	2021.0	21.0

2020.99988799	6.49117584072e-05	4.70990981588e-05	2021.0	21.0

2020.99988102	6.27588715924e-05	5.62160267431e-05	2021.0	22.0

2020.99980043	0.000116739164625	8.28323309696e-05	2021.0	22.0

2020.9997879	0.000112867350793	9.92284762969e-05	2020.99999999	23.0

2020.99963781	0.000214258657926	0.000147933201065	2021.0	23.0

2020.99961481	0.000207152475031	0.0001780260674	2020.99999999	24.0

2020.99932834	0.000402444335713	0.000269212734152	2021.0	24.0

2020.99928515	0.000389096709428	0.000325736487335	2020.99999998	25.0

2020.99872633	0.000773237069744	0.000500436658674	2021.0	25.0

2020.99864333	0.000747591561451	0.000609038660675	2020.99999996	26.0

2020.99754413	0.00150678400674	0.000949082914303	2021.0	26.0

2020.99738241	0.00145680927374	0.00116071238831	2020.99999993	27.0

2020.99525657	0.00292202623636	0.00182139770868	2021.0	27.0

2020.99494295	0.00282511252869	0.00223179948718	2020.99999986	28.0

2020.99098156	0.00553083089098	0.0034876079728	2021.0	28.0

2020.99038793	0.00534739069808	0.0042644191242	2020.99999974	29.0

2020.98328987	0.0101343493585	0.00657577912278	2021.0	29.0

2020.98220214	0.0097982207932	0.00799915909413	2020.99999951	30.0

2020.969949	0.0179424189218	0.0121085685955	2020.99999999	30.0

2020.96802324	0.0173473052099	0.0146285991753	2020.99999914	31.0

2020.94778625	0.0305541735958	0.0216595609356	2020.99999999	31.0

2020.9445069	0.0295407170506	0.0259509223668	2020.99999854	32.0

2020.91286522	0.0496877138984	0.0374470446823	2020.99999998	32.0

2020.90753238	0.0480395203964	0.0444257224824	2020.99999762	33.0

2020.86085979	0.0768421946117	0.0622979794913	2020.99999996	33.0

2020.85261277	0.0742930439025	0.0730905095666	2020.99999632	34.0

2020.78732418	0.113162096415	0.0995136727064	2020.99999995	34.0

2020.77517963	0.109407628782	0.115407321432	2020.99999458	35.0

2020.68776782	0.159506632955	0.152725468479	2020.99999992	35.0

2020.6706505	0.154213705904	0.175128159047	2020.99999236	36.0

2020.55762108	0.216582866198	0.225795952764	2020.9999999	36.0

2020.53438027	0.209394464614	0.256214885433	2020.99998962	37.0

2020.39217128	0.285055986554	0.3227726	2020.99999986	37.0

2020.36158554	0.275592438374	0.362808358626	2020.99998634	38.0

2020.18650748	0.36561366417	0.447878674886	2020.99999982	38.0

2020.14728242	0.353471678143	0.499228368498	2020.99998247	39.0

2019.93548736	0.458989430686	0.6055229895	2020.99999978	39.0

2019.886251	0.443740307753	0.669986674167	2020.99997798	40.0

2019.63372064	0.565963743371	0.800315345594	2020.99999973	40.0

2019.57301875	0.547151494326	0.879802591502	2020.99997283	41.0

2019.27555515	0.687361876687	1.03708263835	2020.99999967	41.0

2019.20184684	0.664501342796	1.13361879588	2020.99996698	42.0

2018.85505793	0.824055533735	1.32088613778	2020.9999996	42.0

2018.76671118	0.796630376763	1.4366188243	2020.99996038	43.0

2018.36599368	0.976964715205	1.65704113496	2020.99999953	43.0

2018.26128075	0.94442525684	1.79424697766	2020.99995299	44.0

2017.80180603	1.14705501228	2.05113839815	2020.99999944	44.0

2017.67889929	1.10881606281	2.21222938939	2020.99994474	45.0

2017.15560584	1.33532804883	2.5090654608	2020.99999935	45.0

2017.01257469	1.29076694088	2.69659396283	2020.99993559	46.0

2016.42016925	1.54280471632	3.03702527856	2020.99999925	46.0

2016.25497904	1.49125977268	3.25368666477	2020.99992548	47.0

2015.58794782	1.77050149818	3.64154981462	2020.99999914	47.0

2015.39846141	1.71127115591	3.89018177608	2020.99991434	48.0

2014.65109249	2.0194002742	4.32950625482	2020.99999901	48.0

2014.4350752	1.95174307848	4.61308385621	2020.99990213	49.0

2013.60149312	2.29041206881	5.10809369491	2020.99999888	49.0

2013.35662171	2.21354774104	5.42971932955	2020.99988878	50.0

2012.43083495	2.58433547057	5.98482831217	2020.99999873	50.0

2012.15471118	2.49744723938	6.34771580847	2020.99987423	51.0

2011.13067235	2.90181091599	6.96751530791	2020.99999857	51.0

2010.82084156	2.80404927076	7.3749676081	2020.99985844	52.0

2009.69251947	3.24327259178	8.06420634458	2020.9999984	52.0

2009.34649437	3.13376057154	8.51958642364	2020.99984136	53.0

2008.10795619	3.60890021856	9.28314180998	2020.99999822	53.0

2007.72324586	3.4867402874	9.78983682153	2020.99982297	54.0

2006.36874671	3.99857332422	10.6326779817	2020.99999802	54.0

2005.94289044	3.8628558102	11.1940569848	2020.99980323	55.0

2004.46696708	4.41183075561	12.1211999731	2020.99999781	55.0

2003.99757242	4.26164375063	12.740565981	2020.99978215	56.0

2002.39513729	4.84783813006	13.7570221572	2020.99999758	56.0

2001.87992144	4.68227866777	14.4375596288	2020.99975974	57.0

2000.14635309	5.30536571296	15.5482785361	2020.99999734	57.0

1999.58318628	5.1235519642	16.2929977812	2020.99973602	58.0

1997.71441205	5.78277882559	17.5028062171	2020.99999709	58.0

1997.10136158	5.58386298127	18.3144864803	2020.99971104	59.0

1995.09392877	6.2780423333	19.6280257217	2020.99999683	59.0

1994.42930215	6.0612237867	20.5091589304	2020.99968487	60.0

1992.28043425	6.78874004373	21.9308222618	2020.99999655	60.0

1991.56281961	6.55327844379	22.8835595351	2020.99965759	61.0

1989.27045497	7.31210899331	24.4174323062	2020.99999627	61.0

1988.49875727	7.05733672155	25.4435353203	2020.99962931	62.0

1986.06156858	7.845087678	27.0933397149	2020.99999597	62.0

1985.23503996	7.57042130802	28.1941388855	2020.99960015	63.0

1982.65243388	8.38437637348	29.9631854129	2020.99999567	63.0

1981.77069695	8.0893267044	31.1395465906	2020.99957025	64.0

1979.04279447	8.92650687978	33.0306940132	2020.99999536	64.0

1978.10585755	8.61068719305	34.2829950146	2020.99953975	65.0

1975.23345662	9.46791840104	36.2986200253	2020.99999505	65.0

1974.24172031	9.13105066967	37.6267378551	2020.99950883	66.0

1971.2262435	10.0050358975	39.7687153357	2020.99999474	66.0

1970.18049843	9.64695477297	41.1720244414	2020.99947764	67.0

1967.02392865	10.5343471603	43.441718614	2020.99999442	67.0

1965.92534471	10.1550016671	44.9190999855	2020.99944636	68.0

1962.6301528	11.0524750603	47.317366247	2020.99999411	68.0

1961.48026045	10.6519280344	48.8672266732	2020.99941516	69.0

1958.0493285	11.5562418775	51.3944234159	2020.99999379	69.0

1956.84999313	11.1346672846	53.0147237788	2020.99938419	70.0

1953.28653712	12.0427232703	55.6707330901	2020.99999348	70.0

1952.03992778	11.600401626	57.3590242307	2020.99935364	71.0

1948.34742292	12.5092902165	60.1432800428	2020.99999318	71.0

1947.05597673	12.0466023989	61.896744502	2020.99932363	72.0

1943.23808825	12.9536380767	64.8082665557	2020.99999288	72.0

1941.90447208	12.4710578701	66.6237643758	2020.99929433	73.0

1937.96499361	13.3738027217	69.6611962613	2020.9999926	73.0

1936.59206437	12.8718884535	71.5353130255	2020.99926585	74.0

1932.53486538	13.7681643703	74.6969625717	2020.99999232	74.0

1931.12563034	13.2475500076	76.6260579525	2020.9992383	75.0

1926.95461335	14.1354403642	79.9099383352	2020.99999205	75.0

1925.51219178	13.5968264211	81.8901935973	2020.9992118	76.0

1921.23125954	14.4746685381	85.2940637094	2020.99999179	76.0

1919.75884647	13.91881311	87.3215268454	2020.99918642	77.0

1915.37187873	14.7851831213	90.8429296996	2020.99999155	77.0

1913.87271178	14.2128933187	92.9135571529	2020.99916225	78.0

1909.38355073	15.066585234	96.5498553477	2020.99999131	78.0

1907.86088054	14.4787092334	98.6595495649	2020.99913934	79.0

1903.27332393	15.3187100419	102.407957121	2020.9999911	79.0

1901.73038837	14.7161299109	104.552599468	2020.99911775	80.0

1897.04818877	15.5415925123	108.410209611	2020.99999089	80.0

1895.48819115	14.9252179073	110.585688458	2020.99909752	81.0

1890.71506	15.7354335168	114.549497182	2020.9999907	81.0

1889.14115117	15.1061962912	116.751731221	2020.99907868	82.0

1884.28076608	15.9005677537	120.818656689	2020.99999052	82.0

1882.69603008	15.2594174617	123.043613718	2020.99906126	83.0

1877.75204394	16.0374346564	127.21051176	2020.99999036	83.0

1876.15948699	15.3853348908	129.454223386	2020.99904527	84.0

1871.1355376	16.146553128	133.717899478	2020.99999021	84.0

1869.53807989	15.4844785928	135.976472259	2020.99903074	85.0

1864.43779896	16.2285006112	140.333690507	2020.99999007	85.0

1862.83826873	15.5574348025	142.603314144	2020.99901768	86.0

1857.66528941	16.2838966961	147.050803847	2020.99998996	86.0

1856.06641897	15.6048300478	149.327757074	2020.99900609	87.0

1850.82438122	16.3133911904	153.862217443	2020.99998985	87.0

1849.22880422	15.627319533	156.142872232	2020.99899599	88.0

1843.92135755	16.3176563382	160.760975878	2020.99998976	88.0

1842.3316073	15.6255795251	163.041800544	2020.99898737	89.0

1836.96241073	16.2973826944	167.740196259	2020.99998969	89.0

1835.380919	15.6003032571	170.017757981	2020.99898024	90.0

1829.9536383	16.2532780278	174.793073299	2020.99998963	90.0

1828.38273438	15.5521997437	177.064040473	2020.9989746	91.0

1822.90103662	16.1860685537	181.912884408	2020.99998958	91.0

1821.34294644	15.4819948295	184.174029167	2020.99897044	92.0

1815.81049235	16.0965017735	189.09299543	2020.99998956	92.0

1814.26733744	15.3904337764	191.341196549	2020.99896776	93.0

1808.68777186	15.9853502226	196.32686746	2020.99998954	93.0

1807.16156807	15.2782847168	198.559113775	2020.99896656	94.0

1801.53850907	15.8534154888	203.608064985	2020.99998954	94.0

1800.03116509	15.1463423623	205.821459363	2020.99896682	95.0

1794.36819217	15.701531953	210.93026543	2020.99998956	95.0

1792.88150782	14.9954314439	213.122029254	2020.99896852	96.0

1787.18214974	15.5305698113	218.287270034	2020.99998959	96.0

1785.71781408	14.826409465	220.454748097	2020.99897164	97.0

1779.98553672	15.3414370542	225.673015856	2020.99998963	97.0

1778.54512617	14.6401684601	227.813681524	2020.99897615	98.0

1772.78332085	15.1350801934	233.081588645	2020.99998969	98.0

1771.36829737	14.4376355618	235.193049107	2020.99898204	99.0

1765.58026991	14.9124836367	240.507236208	2020.99998976	99.0

1764.19197932	14.2197722867	242.58723764	2020.99898925	100.0

1758.3809402	14.6746677049	247.94438194	2020.99998984	100.0

1757.02061084	13.9875725373	249.990814373	2020.99899775	101.0

1751.18966647	14.4226853672	255.387638105	2020.99998994	101.0

1749.85840826	13.7420593963	257.398539838	2020.99900749	102.0

1744.01055367	14.1576178306	262.831818546	2020.99999005	102.0

1742.70935764	13.4842808469	264.805379939	2020.99901842	103.0

1736.84747053	13.8805691654	270.271950472	2020.99999017	103.0

1735.57720892	13.2153045939	272.206516977	2020.99903049	104.0

1729.70404507	13.5926601724	277.703285058	2020.9999903	104.0

1728.46547205	12.9362121842	279.597359404	2020.99904364	105.0

1722.5836621	13.2950217134	285.12130663	2020.99999044	105.0

1721.3774151	12.6480926391	286.973550068	2020.9990578	106.0

1715.48946261	12.9887877212	292.521740259	2020.99999059	106.0

1714.31606428	12.352035803	294.330972838	2020.99907292	107.0

1708.424345	12.6750880973	299.900557657	2020.99999075	107.0

1707.28420579	12.0491256091	301.665757505	2020.99908891	108.0

1701.39096794	12.3550416862	307.2539813	2020.99999092	108.0

1700.28438933	11.7404334371	308.974282941	2020.99910571	109.0

1694.39175483	12.0297494894	314.578486781	2020.9999911	109.0

1693.31893302	11.427011721	316.253178501	2020.99912325	110.0

1687.4288996	11.7002882598	321.870803417	2020.99999128	110.0

1686.38992977	11.1098879346	323.499323746	2020.99914145	111.0

1680.50437372	11.3677045853	329.127913167	2020.99999147	111.0

1679.49925464	10.7900590592	330.709846546	2020.99916025	112.0

1673.61993414	11.0330095464	336.347047976	2020.99999166	112.0

1672.64857327	10.4684866097	337.882119687	2020.99917956	113.0

1666.7771322	10.697174005	343.525685654	2020.99999186	113.0

1665.83935095	10.1460922722	345.0137561	2020.99919932	114.0

1659.97732308	10.3611245606	350.661544428	2020.99999207	114.0

1659.07286242	9.82375418307	352.102602861	2020.99921946	115.0

1653.22167577	10.0257401854	357.752576316	2020.99999227	115.0

1652.35020195	9.50230386088	359.146734104	2020.99923991	116.0

1646.51118347	9.69184953696	364.796959476	2020.99999248	116.0

1645.6722938	9.18252378465	366.144443011	2020.9992606	117.0

1639.84667407	9.36022892874	371.793089692	2020.99999269	117.0

1639.03990285	8.86514559915	373.094233015	2020.99928146	118.0

1633.22882084	9.031600929	378.739571135	2020.9999929	118.0

1632.45364513	8.55084891671	379.994808387	2020.99930243	119.0

1626.658153	8.70663354877	385.635206564	2020.99999312	119.0

1625.91399846	8.2402606766	386.845064325	2020.99932346	120.0

