S	I	R	Total	Time

12090.0	0.0	0.0	12090.0	0.0

12090.0	0.0	0.0	12090.0	1.0

12090.0	0.0	0.0	12090.0	1.0

12090.0	0.0	0.0	12090.0	2.0

12089.9964303	0.00316549566561	0.000404266367691	12090.0	2.0

12089.9939494	0.00523591220208	0.000816726779489	12090.0000021	3.0

12089.9830381	0.014664026588	0.00229798218056	12090.0000001	3.0

12089.9715459	0.0242551236062	0.00420868698605	12090.0000097	4.0

12089.9469112	0.0452117702065	0.00787729937054	12090.0000002	4.0

12089.9114788	0.0747826316519	0.0137683309824	12090.0000298	5.0

12089.8624198	0.116122232072	0.0214585603925	12090.0000006	5.0

12089.7714162	0.192071189535	0.0365890859748	12090.0000765	6.0

12089.6801646	0.268512908784	0.0513238212288	12090.0000013	6.0

12089.4697398	0.444126704419	0.0863103790275	12090.0001769	7.0

12089.307057	0.579897557336	0.113048325855	12090.0000029	7.0

12088.8526343	0.95914108367	0.188606598468	12090.000382	8.0

12088.5707921	1.19377599477	0.235437852526	12090.000006	8.0

12087.6354159	1.97439178131	0.390978218179	12090.0007859	9.0

12087.1570856	2.37189817128	0.471028080719	12090.0000119	9.0

12085.2989703	3.92253432577	0.780054933381	12090.0015596	10.0

12084.4997945	4.58573049838	0.914497959851	12090.0000229	10.0

12080.9087415	7.58236138927	1.51190582922	12090.0030087	11.0

12079.5902976	8.6750392111	1.73470648079	12090.0000433	11.0

12072.8016546	14.339344872	2.86466914929	12090.0056686	12.0

12070.6499973	16.1200866463	3.22999600528	12090.00008	12.0

12058.0511937	26.6301665322	5.32909552469	12090.0104558	13.0

12054.5738108	29.5034317151	5.92290245529	12090.000145	13.0

12031.5675528	48.6886141175	9.76271467344	12090.0188816	14.0

12025.997672	53.2816260118	10.7209592812	12090.0002573	14.0

11984.6174247	87.7668733301	17.6489889382	12090.033287	15.0

11975.7698145	95.0440638544	19.1865665329	12090.0004449	15.0

11902.4791935	156.053055124	31.5246157403	12090.0568643	16.0

11888.5488454	167.471735558	33.9801604023	12090.0007414	16.0

11760.9967855	273.437044972	55.6588497345	12090.0926802	17.0

11739.3593785	291.086979685	59.5548061407	12090.0011643	17.0

11522.3160379	470.769492183	97.0540704954	12090.1396006	18.0

11489.5627162	497.289326404	103.14960192	12090.0016446	18.0

11131.7819339	791.69568012	166.703380265	12090.1809942	19.0

11084.3772473	829.635213822	175.989399341	12090.0018604	19.0

10521.3841783	1288.1045668	280.674039408	12090.1627845	20.0

10457.2584443	1338.49380916	294.248735258	12090.0009887	20.0

9628.78690097	2001.26539978	459.920640723	12089.9729415	21.0

9549.65971103	2061.63862908	478.699331428	12089.9976715	21.0

8437.27276595	2925.10182659	727.100715639	12089.4753082	22.0

8350.25991085	2988.33316032	751.397835092	12089.9909063	22.0

7019.01437611	3970.22644339	1099.41598901	12088.6568085	23.0

6935.15434758	4026.21949451	1128.60804489	12089.981887	23.0

5535.25138267	4972.54766693	1579.97717732	12087.7762269	24.0

5464.65207231	5012.7823324	1612.53996794	12089.9743726	24.0

4168.99139376	5764.42692091	2153.81133685	12087.2296515	25.0

4116.39165869	5785.78805552	2187.79192556	12089.9716398	25.0

3041.86449328	6252.9763172	2792.3571155	12087.197926	26.0

3006.3021027	6257.70341803	2825.96813278	12089.9736535	26.0

2185.31950419	6439.19227068	3463.03083221	12087.5426071	27.0

2162.88590922	6432.08431851	3495.00785699	12089.9780847	27.0

1567.92172116	6382.78618601	4137.30960343	12088.0175106	28.0

1554.4233546	6368.60551137	4166.95389594	12089.9827619	28.0

1135.25079486	6158.94610676	4794.2597455	12088.4566471	29.0

1127.41404115	6141.26779175	4821.30481432	12089.9866472	29.0

835.051438637	5833.27617616	5420.47340132	12088.8010161	30.0

830.669418928	5814.39955608	5444.92057414	12089.9895492	30.0

626.334029853	5454.25832415	6008.45987031	12089.0522243	31.0

624.0235759	5435.51752925	6030.4505246	12089.9916297	31.0

479.840907585	5054.54401401	6554.84664874	12089.2315703	32.0

478.764105235	5036.64745889	6574.58155338	12089.9931175	32.0

375.610562961	4654.82884826	7058.92135654	12089.3607678	33.0

375.266128795	4638.11202978	7076.61604434	12089.9942029	33.0

300.278750088	4267.58046366	7521.59712444	12089.4563382	34.0

300.367052382	4252.16810586	7537.45986218	12089.9950204	34.0

244.933825929	3899.87000659	7944.72567549	12089.529508	35.0

245.274907847	3885.77264264	7958.94810798	12089.9956585	35.0

203.605927286	3555.32412974	8330.6574825	12089.5875395	36.0

204.091009934	3542.49334088	8343.41182274	12089.9961736	36.0

172.257665827	3235.4110164	8681.96636748	12089.6350497	37.0

172.820662539	3223.77024648	8693.40569252	12089.9966015	37.0

148.125001786	2940.26979983	9001.28017679	12089.6749784	38.0

148.725730126	2929.73121693	9011.54001836	12089.9969654	38.0

129.289760558	2669.24055865	9291.17890577	12089.709225	39.0

129.90395616	2659.71408788	9300.3792362	12089.9972802	39.0

114.40184933	2421.20174356	9554.13545367	12089.7390466	40.0

115.015150917	2412.59975291	9562.38265228	12089.9975561	40.0

102.497483963	2194.78456781	9792.48325006	12089.7653018	41.0

103.101758848	2187.02415948	9799.87188176	12089.9978001	41.0

92.8790593596	1988.50876799	10008.4007717	12089.788599	42.0

93.4701255607	1981.51276244	10015.0151293	12089.9980173	42.0

85.0348404533	1800.86793163	10203.9066139	12089.809386	43.0

85.6110339683	1794.56514811	10209.8220294	12089.9982115	43.0

78.5846096537	1630.38231944	10380.8610761	12089.8280052	44.0

79.1458707344	1624.70748722	10386.1450278	12089.9983857	44.0

73.2424150546	1475.6306411	10540.9716719	12089.844728	45.0

73.7896979438	1470.52412575	10545.6847187	12089.9985424	45.0

68.7907158123	1335.26816225	10685.8008981	12089.8597761	46.0

69.325603024	1330.67560805	10689.9974724	12089.9986834	46.0

65.062214472	1208.03593142	10816.7751893	12089.8733351	47.0

65.5866622428	1203.90787455	10820.5042738	12089.9988106	47.0

61.9269363319	1092.76425998	10935.1943674	12089.8855637	48.0

62.4431053252	1089.05574158	10938.5000785	12089.9989254	48.0

59.2829330607	988.372520323	11042.241146	12089.8965994	49.0

59.7930751869	985.0427139	11045.1632399	12089.9990289	49.0

57.049518841	893.866631452	11138.9904127	12089.906563	50.0

57.5559014598	890.878491735	11141.5647293	12089.9991225	50.0

55.1622961821	808.335143755	11226.4181215	12089.9155615	51.0

55.6671514886	805.655079613	11228.6769759	12089.999207	51.0

53.5694602649	730.944531099	11305.4096986	12089.9236899	52.0

54.0749518192	728.542102952	11307.3822285	12089.9992833	52.0

52.2290262685	660.934095092	11376.7679122	12089.9310336	53.0

52.73722731	658.78173613	11378.4803888	12089.9993522	53.0

51.1067297392	597.610749446	11441.2201895	12089.9376687	54.0

51.6196096711	595.683509435	11442.6962954	12089.9994145	54.0

50.1744225008	540.343859429	11499.4253822	12089.9436641	55.0

50.6938390843	538.619169648	11500.6864621	12089.9994708	55.0

49.4088368086	488.560248123	11551.9799968	12089.9490817	56.0

49.936532371	487.01770593	11553.0452834	12089.9995217	56.0

48.7906255855	441.739437944	11599.4239137	12089.9539772	57.0

49.328226061	440.360609518	11600.3107321	12089.9995677	57.0

48.3036114061	399.40916642	11642.2456232	12089.958401	58.0

48.8526273808	398.177406277	11642.9695756	12089.9996092	58.0

47.9341946066	361.141195065	11680.8870089	12089.9623986	59.0

48.496023775	360.041481054	11681.4621419	12089.9996468	59.0

47.670883637	326.547416694	11715.7477107	12089.966011	60.0

48.2468142471	325.566199242	11716.1866672	12089.9996807	60.0

47.5039200235	295.276257441	11747.1890979	12089.9692754	61.0

48.095134999	294.401321931	11747.5032544	12089.9997114	61.0

47.4249770728	267.009363893	11775.5378843	12089.9722253	62.0

48.0325585873	266.229705121	11775.7374753	12089.9997391	62.0

47.4269164469	241.458562095	11801.0894125	12089.974891	63.0

48.0518507786	240.764269828	11801.1836435	12089.9997641	63.0

47.5035904418	218.363073015	11824.1106365	12089.9772999	64.0

48.1467729834	217.745227759	11824.107786	12089.9997867	64.0

47.6496805859	197.486968045	11844.8428282	12089.9794768	65.0

48.3119209122	196.937546178	11844.7503401	12089.9998072	65.0

47.8605652678	178.616847726	11863.5040311	12089.9814441	66.0

48.5425921887	178.128635223	11863.3285982	12089.9998256	66.0

48.1322106931	161.5597271	11880.2912841	12089.9832219	67.0

48.8346772361	161.126241134	11880.038924	12089.9998423	67.0

48.4610806892	146.141111552	11895.3826363	12089.9848285	68.0

49.1845689681	145.756529303	11895.0587592	12089.9998574	68.0

48.8440618099	132.203247747	11908.9389709	12089.9862805	69.0

49.589087749	131.862341801	11908.5484415	12089.9998711	69.0

49.278400918	119.603535055	11921.1056567	12089.9875927	70.0

50.0454188074	119.301614833	11920.6528498	12089.9998834	70.0

49.7616529892	108.213083822	11932.0140419	12089.9887787	71.0

50.5510598533	107.945942508	11931.5028922	12089.9998945	71.0

50.2916373208	97.9154077146	11941.7828056	12089.9898506	72.0

51.1037770899	97.679274198	11941.2168533	12089.9999046	72.0

50.8664006791	88.6052383267	11950.5191805	12089.9908195	73.0

51.7015681555	88.3967337147	11949.9016118	12089.9999137	73.0

51.4841861959	80.1874511241	11958.3200579	12089.9916953	74.0

52.3426308108	80.0035494202	11957.6537417	12089.9999219	74.0

52.1434070422	72.5760926784	11965.2729871	12089.9924869	75.0

53.025336403	72.4140852427	11964.5605077	12089.9999294	75.0

52.8426240862	65.6934999557	11971.4570784	12089.9932025	76.0

53.7482073149	65.5509634062	11970.7007654	12089.9999361	76.0

53.5805268818	59.4695032055	11976.9438193	12089.9938494	77.0

54.5098977491	59.344270444	11976.145774	12089.9999422	77.0

54.3559174509	53.8407047202	11981.7978121	12089.9944342	78.0

55.3091773097	53.7308387922	11980.9599316	12089.9999477	78.0

55.167696413	48.7498264048	11986.0774402	12089.994963	79.0

56.1449169385	48.6535969307	11985.2014388	12089.9999526	79.0

56.0148510938	44.1451197263	11989.8354703	12089.9954411	80.0

57.0160768361	44.0609816606	11988.9228986	12089.9999571	80.0

56.8964453044	39.9798321803	11993.119596	12089.9958735	81.0

57.9216960633	39.9064066801	11992.1718584	12089.9999612	81.0

57.8116105353	36.211724949	11995.9729289	12089.9962644	82.0

58.8608835636	36.14778215	11994.9912991	12089.9999649	82.0

58.7595383507	32.8026369052	11998.4344427	12089.996618	83.0

59.8328103958	32.7470804231	11997.4200774	12089.9999682	83.0

59.7394738027	29.7180905636	12000.5393734	12089.9969377	84.0

60.8367029944	29.6699435542	11999.4933246	12089.9999712	84.0

60.7507097137	26.9269359877	12002.3195813	12089.997227	85.0

61.8718373085	26.8853286158	12001.242808	12089.9999739	85.0

61.7925817017	24.4010290317	12003.8038779	12089.9974886	86.0

62.9375336902	24.3651872096	12002.6972555	12089.9999764	86.0

62.8644638385	22.1149406336	12005.0183208	12089.9977253	87.0

64.0331524261	22.0841759072	12003.8826503	12089.9999786	87.0

63.9657648525	20.0456941853	12005.9864804	12089.9979394	88.0

65.158089821	20.0193946535	12004.8224961	12089.9999806	88.0

65.0959247975	18.1725282867	12006.7296801	12089.9981331	89.0

66.3117747558	18.1501504522	12005.5380572	12089.9999824	89.0

66.2544121228	16.4766824425	12007.2672139	12089.9983085	90.0

67.4936656546	16.4577439014	12006.0485745	12089.9999841	90.0

67.4407210904	14.9412034938	12007.6165425	12089.9984671	91.0

68.7032478059	14.9252763818	12006.3714614	12089.9999856	91.0

68.6543694903	13.5507707884	12007.7934704	12089.9986107	92.0

69.9400309894	13.5374759051	12006.52248	12089.9999869	92.0

69.8948966154	12.2915382792	12007.8123058	12089.9987407	93.0

71.2035473687	12.2805398252	12006.5159009	12089.9999881	93.0

71.1618614613	11.1509919186	12007.686005	12089.9988584	94.0

72.4933496155	11.1419927814	12006.3646469	12089.9999892	94.0

72.4548411208	10.1178208685	12007.4263029	12089.9989649	95.0

73.8090092341	10.1105584032	12006.0804226	12089.9999903	95.0

73.7734293503	9.18180119191	12007.0438308	12089.9990613	96.0

75.1501150634	9.17604344474	12005.6738327	12089.9999912	96.0

75.1172352835	8.33369081495	12006.5482226	12089.9991487	97.0

76.5162719317	8.32923314641	12005.1544869	12089.999992	97.0

76.4858822775	7.56513467089	12005.9482108	12089.9992278	98.0

77.9070994481	7.56179673573	12004.5310965	12089.9999927	98.0

77.8790068719	6.86857903732	12005.2517135	12089.9992994	99.0

79.3222309123	6.86620208583	12003.8115604	12089.9999934	99.0

79.2962578504	6.23719417619	12004.4659123	12089.9993643	100.0

80.7613123296	6.23563864325	12003.003043	12089.999994	100.0

80.7372953904	5.66480447123	12003.5973232	12089.9994231	101.0

82.2240015197	5.66394782346	12002.1120452	12089.9999946	101.0

82.2017902925	5.1458253354	12002.6518608	12089.9994764	102.0

83.7099673068	5.14556014959	12001.1444676	12089.9999951	102.0

83.6894232795	4.6752062314	12001.6348951	12089.9995247	103.0

85.2188887844	4.67543848011	12000.1056683	12089.9999955	103.0

85.1998843582	4.24837921186	12000.5513048	12089.9995684	104.0

86.7504546445	4.24902673466	11999.0005146	12089.9999959	104.0

86.7328722362	3.86121244343	11999.4055234	12089.9996081	105.0

88.3043625657	3.86220358414	11997.8334302	12089.9999963	105.0

88.2880937897	3.50996823077	11998.201582	12089.999644	106.0

89.8803186535	3.51124062351	11996.6084374	12089.9999966	106.0

89.8652635745	3.19126510371	11996.943148	12089.9996766	107.0

91.4780369278	3.19276459177	11995.3291954	12089.999997	107.0

91.4641033785	2.90204357284	11995.6335593	12089.9997062	108.0

93.0972388525	2.90372324658	11993.9990351	12089.9999972	108.0

93.0843418093	2.63953519752	11994.275856	12089.999733	109.0

94.737652903	2.64135453853	11992.62099	12089.9999975	109.0

94.7257139151	2.40123464467	11992.8728088	12089.9997573	110.0

96.3990141692	2.40315876488	11991.1978248	12089.9999977	110.0

96.3879608355	2.18487444794	11991.4269441	12089.9997794	111.0

98.0810639882	2.18687341357	11989.7320605	12089.9999979	111.0

98.0708294779	1.98840220525	11989.9405678	12089.9997994	112.0

99.7835496067	1.99045043653	11988.2259981	12089.9999981	112.0

99.7740722198	1.80995997801	11988.4157854	12089.9998176	113.0

101.506223869	1.81203571645	11986.6817387	12089.9999983	113.0

101.497446632	1.64786567843	11986.8545218	12089.9998341	114.0

103.248844926	1.6499505144	11985.101203	12089.9999984	114.0

103.240715224	1.50059625204	11985.2585376	12089.9998491	115.0

105.011175971	1.50267470614	11983.4861479	12089.9999986	115.0

105.003645205	1.3667724814	11983.629445	12089.9998627	116.0

106.792984991	1.36883163375	11981.8381821	12089.9999987	116.0

106.786008265	1.24514525383	11981.9687215	12089.999875	117.0

108.594044532	1.24717441601	11980.1587799	12089.9999988	117.0

108.587580368	1.13458315118	11980.2777227	12089.9998862	118.0

110.414131495	1.13657357628	11978.4492939	12089.9999989	118.0

110.408141564	1.03406123374	11978.5576936	12089.9998964	119.0

112.253026927	1.03600586017	11976.7109662	12089.999999	119.0

112.24747581	0.942650902532	11976.809779	12089.9999057	120.0

