S	I	R	Total	Time

12071.0	0.0	0.0	12071.0	0.0

12071.0	0.0	0.0	12071.0	1.0

12070.9999773	2.09687603051e-05	1.68204919582e-06	12071.0	1.0

12070.999961	3.46507770526e-05	4.41284307624e-06	12071.0	2.0

12070.9999261	6.54301209428e-05	8.42738632465e-06	12071.0	2.0

12070.999875	0.000108122964483	1.69484515171e-05	12071.0	3.0

12070.9998232	0.000152645448008	2.41820968205e-05	12071.0	3.0

12070.9997038	0.000252245877053	4.40613480073e-05	12071.0000001	4.0

12070.9996275	0.000316606267629	5.58572396351e-05	12071.0	4.0

12070.9993799	0.000523190345258	9.70893599723e-05	12071.0000002	5.0

12070.9992678	0.000616671920826	0.000115519452755	12071.0	5.0

12070.9987855	0.00101904738041	0.000195829582871	12071.0000004	6.0

12070.99862	0.00115586900688	0.000224114113018	12071.0	6.0

12070.997716	0.00191006788921	0.000374644703494	12071.0000008	7.0

12070.9974698	0.002112317996	0.000417842967867	12071.0	7.0

12070.9958179	0.00349059491302	0.000692933364234	12071.0000014	8.0

12070.9954477	0.00379324731036	0.000759118026228	12071.0	8.0

12070.9924811	0.00626832136885	0.00125311837991	12071.0000025	9.0

12070.9919165	0.00672807010049	0.00135543217728	12071.0	9.0

12070.9866547	0.0111180981601	0.00223163885549	12071.0000044	10.0

12070.9857785	0.0118294960662	0.00239202119091	12071.0000001	10.0

12070.976527	0.0195481682305	0.00393259392833	12071.0000078	11.0

12070.975137	0.0206743241791	0.00418879613462	12071.0000001	11.0

12070.9589682	0.0341641678096	0.00688124295839	12071.0000136	12.0

12070.9567019	0.0359976525372	0.00730058550498	12071.0000002	12.0

12070.9285493	0.05948578361	0.0119886084827	12071.0000237	13.0

12070.9247296	0.0625745792668	0.0126960941495	12071.0000003	13.0

12070.8757922	0.103403692057	0.0208452577201	12071.0000411	14.0

12070.8690955	0.108821775336	0.0220833057451	12071.0000005	14.0

12070.7839903	0.179825944535	0.0362552721262	12071.0000715	15.0

12070.7717117	0.189774141579	0.0385151165502	12071.000001	15.0

12070.623299	0.313596235857	0.0632295101573	12071.0001248	16.0

12070.59968	0.332772939799	0.0675487401977	12071.0000017	16.0

12070.3394416	0.54989145692	0.110885704212	12071.0002187	17.0

12070.2917819	0.588683584371	0.119537419482	12071.0000029	17.0

12069.8314338	0.97275223886	0.196200811764	12071.0003868	18.0

12069.7309336	1.0547568926	0.214314745673	12071.0000053	18.0

12068.9061835	1.74283759632	0.351671656094	12071.0006928	19.0

12068.6863223	1.9226156974	0.391071623504	12071.0000096	19.0

12067.1831863	3.17663758729	0.641437877076	12071.0012617	20.0

12066.6895705	3.58080527905	0.729642152679	12071.0000179	20.0

12063.8908225	5.91561332183	1.1959102053	12071.0023461	21.0

12062.7718315	6.83181578386	1.39638672959	12071.0000341	21.0

12057.4350619	11.2835344731	2.28586529796	12071.0044617	22.0

12054.9405551	13.3207653921	2.73874564547	12071.0000661	22.0

12044.5463734	21.9896509319	4.47261915474	12071.0086435	23.0

12039.2984424	26.2448497665	5.45683689262	12071.000129	23.0

12018.8648635	43.2807399527	8.87120721817	12071.0168106	24.0

12008.9349571	51.2159861383	10.8493040465	12071.0002472	24.0

11969.2302713	84.2959624163	17.5057516833	12071.0319854	25.0

11952.8180821	97.1015960373	21.0807747404	12071.0004529	25.0

11878.1357258	159.244184355	33.6779108625	12071.057821	26.0

11854.3185763	177.205418241	39.4767821031	12071.0007767	26.0

11719.9129248	288.791007218	62.3928087739	12071.0967408	27.0

11689.0085231	311.021583471	70.9711128706	12071.0012195	27.0

11458.5732264	501.592700414	110.97915386	12071.1450807	28.0

11422.7652316	525.505444978	122.73100621	12071.0016828	28.0

11047.9224056	833.500659861	189.759516493	12071.1825819	29.0

11012.1542228	854.094622366	204.752995068	12071.0018402	29.0

10437.8990211	1320.95468748	312.303271345	12071.1569799	30.0

10409.629072	1331.27939777	330.092527879	12071.0009976	30.0

9590.12703136	1986.17653751	494.673545532	12070.9771144	31.0

9576.75536684	1979.96845054	514.274330819	12070.9981482	31.0

8501.79447296	2815.66151085	753.090046752	12070.5460306	32.0

8506.56493694	2791.16133541	773.266295215	12070.9925676	32.0

7227.52036945	3742.4997399	1099.83477589	12069.8548852	33.0

7246.82321066	3704.54238665	1119.61931677	12070.9849141	33.0

5878.99751659	4651.59412778	1538.48111574	12069.0727601	34.0

5904.00714374	4609.37145364	1557.59907307	12070.9776704	34.0

4590.70118206	5416.81808918	2060.9697035	12068.4889747	35.0

4612.69853869	5378.45425279	2079.82086411	12070.9736556	35.0

3470.32862368	5949.26516842	2648.70950635	12068.3032984	36.0

3485.01096917	5918.03228734	2667.93057533	12070.9738318	36.0

2568.90420531	6222.29814429	3277.28891553	12068.4912651	37.0

2576.48214899	6197.2065256	3297.28831092	12070.9769855	37.0

1884.31778586	6262.46890186	3922.094019	12068.8807067	38.0

1887.0733884	6241.03326356	3942.87456041	12070.9812124	38.0

1383.71398273	6123.28223876	4562.30714895	12069.3033704	39.0

1383.94424457	6103.48446164	4583.55647688	12070.9851831	39.0

1025.19828508	5861.9508621	5182.51846718	12069.6676144	40.0

1024.451616	5842.74939826	5203.7873571	12070.9883714	40.0

770.437714006	5526.94294428	5772.56797817	12069.9486365	41.0

769.542803624	5508.03594551	5793.41200005	12070.9907492	41.0

589.154059571	5154.43797867	6326.56303643	12070.1550747	42.0

588.470502797	5135.90511264	6346.61686116	12070.9924766	42.0

459.195357508	4769.37228186	6841.73739805	12070.3050374	43.0

458.832232834	4751.42396452	6860.73753862	12070.993736	43.0

364.993253333	4387.95990425	7317.46221279	12070.4153704	44.0

364.945440956	4370.80768759	7335.24154563	12070.9946742	44.0

295.81271111	4020.19342925	7754.49258198	12070.4987223	45.0

296.032919064	4003.99901989	7770.96345589	12070.9953948	45.0

244.297285109	3671.83454163	8154.43192322	12070.56375	46.0

244.729715436	3656.69917922	8169.56707224	12070.9959669	46.0

205.397228692	3345.8524928	8519.36641066	12070.6161322	47.0

205.991238704	3331.82342491	8533.18177138	12070.996435	47.0

175.623420064	3043.41398429	8851.62213445	12070.6595388	48.0

176.337706583	3030.49622589	8864.16289548	12070.996828	48.0

152.542112458	2764.54699184	9153.60724282	12070.6963471	49.0

153.344840357	2752.71515686	9164.93716735	12070.9971646	49.0

134.436682821	2508.57979795	9427.71163926	12070.72812	50.0

135.30414565	2497.78810382	9437.90520786	12070.9974573	50.0

120.081690163	2274.42904498	9676.24517533	12070.7559105	51.0

120.996647712	2264.61908917	9685.3819779	12070.9977148	51.0

108.591451906	2060.78760916	9901.40138944	12070.7804505	52.0

109.541597657	2051.89411182	9909.56223354	12070.997943	52.0

99.3178779812	1866.24630414	10105.2380857	12070.8022678	53.0

100.294576425	1858.20119206	10112.502378	12070.9981465	53.0

91.7809325348	1689.37190066	10289.6689241	12070.8217573	54.0

92.778235589	1682.10711553	10296.1129775	12070.9983286	54.0

85.620829629	1528.75627242	10456.4621237	12070.8392258	55.0

86.6347343013	1522.2056321	10462.1581256	12070.998492	55.0

80.5648199716	1383.04643123	10607.2436682	12070.8549194	56.0

81.5927186717	1377.14680499	10612.2591153	12070.998639	56.0

76.4038630595	1250.96191038	10743.5032679	12070.8690414	57.0

77.4441413884	1245.65390678	10747.9007231	12070.9987713	57.0

72.9760630955	1131.3037902	10866.6019102	12070.8817635	58.0

74.0278078108	1126.53210476	10870.438978	12070.9988906	58.0

70.1547804157	1022.95823468	10977.7802184	12070.8932335	59.0

71.2175685002	1018.67176478	10981.1096649	12070.9989981	59.0

67.8400085361	924.896465511	11078.1671062	12070.9035802	60.0

68.9137554266	921.048269675	11081.0370701	12070.9990952	60.0

65.9520556961	836.172471407	11168.7883901	12070.9129172	61.0

67.0369064212	832.719627947	11171.2426484	12070.9991828	61.0

64.4268692142	755.919328938	11250.5751469	12070.921345	62.0

65.5231205451	752.822732771	11252.6534085	12070.9992618	62.0

63.2125426043	683.344726553	11324.3716844	12070.9289536	63.0

64.3205875723	680.568851216	11326.1098944	12070.9993332	63.0

62.2666824514	617.726089752	11390.9430511	12070.9358233	64.0

63.3869709718	615.238733218	11392.3736935	12070.9993977	64.0

61.5544060838	558.405573168	11450.9820472	12070.9420264	65.0

62.6874171653	556.177600072	11452.1344386	12070.9994559	65.0

61.04680621	504.78509453	11505.1157272	12070.9476279	66.0

62.1930284909	502.790183122	11506.0162968	12070.9995084	66.0

60.7197642317	456.321523048	11553.911399	12070.9526863	67.0

61.8796824916	454.535922181	11554.5839512	12070.9995559	67.0

60.5530260595	412.522091747	11597.8821365	12070.9572543	68.0

61.7271120164	410.924391089	11598.3480957	12070.9995988	68.0

60.5294771328	372.9400737	11637.4918288	12070.9613796	69.0

61.7181833033	371.510988893	11637.7704653	12070.9996375	69.0

60.6345697525	337.17074189	11673.1597935	12070.9651051	70.0

61.8383255005	335.892915385	11673.2684315	12070.9996724	70.0

60.8558677261	304.847618705	11705.2649832	12070.9684697	71.0

62.0750768666	303.705436302	11705.2191908	12070.999704	71.0

61.182681994	275.639011885	11734.1498144	12070.9715082	72.0

62.4177214975	274.618434586	11733.9635764	12070.9997325	72.0

61.6057772865	249.244827778	11760.1236474	12070.9742525	73.0

62.8569967597	248.333238275	11759.8095232	12070.9997583	73.0

62.1171345903	225.393649024	11783.4659474	12070.976731	74.0

63.3848562973	224.57971197	11783.0352133	12070.9997815	74.0

62.7097577308	203.840061584	11804.4291502	12070.9789695	75.0

63.9942769887	203.113596726	11803.8919288	12070.9998025	75.0

63.3775150313	184.362214957	11823.2412614	12070.9809914	76.0

64.6791008599	183.714082168	11822.6066385	12070.9998215	76.0

64.1150090179	166.759599074	11840.1082095	12070.9828176	77.0

65.4339049586	166.181594332	11839.3843394	12070.9998386	77.0

64.9174686678	150.851021514	11855.2159769	12070.9844671	78.0

66.2538937117	150.335782907	11854.4101775	12070.9998541	78.0

65.7806598726	136.472769185	11868.7325281	12070.9859572	79.0

67.134809454	136.013692064	11867.8513666	12070.9998681	79.0

66.7008106908	123.476939332	11880.8095532	12070.9873032	80.0

68.0728577166	123.06809978	11879.8589233	12070.9998807	80.0

67.6745486659	111.729925542	11891.584045	12070.9885192	81.0

69.0646445599	111.366011402	11890.5692362	12070.9998922	81.0

68.6988480326	101.111045362	11901.1797244	12070.9896178	82.0

70.1071237789	100.787294107	11900.1054846	12070.9999025	82.0

69.7709850635	91.5112970364	11909.7083282	12070.9906103	83.0

71.1975522393	91.2234398282	11908.5789197	12070.9999118	83.0

70.8885001448	82.8322338111	11917.2707732	12070.9915071	84.0

72.3334519349	82.576445163	11916.0900231	12070.9999202	84.0

72.0491654377	74.9849451609	11923.9582069	12070.9923175	85.0

73.5125776263	74.7577976436	11922.7295525	12070.9999278	85.0

73.2509571965	67.8891351314	11929.8529575	12070.9930498	86.0

74.7328891321	67.6875586405	11928.5794869	12070.9999347	86.0

74.492031982	61.4722888314	11935.0293908	12070.9937116	87.0

75.9925275134	61.2935339611	11933.7138794	12070.9999409	87.0

75.770706147	55.668918861	11939.5546848	12070.9943098	88.0

77.2897945285	55.5105239806	11938.199628	12070.9999465	88.0

77.0854380804	50.419884186	11943.4895282	12070.9948505	89.0

78.6231348458	50.279645849	11942.0971709	12070.9999516	89.0

78.4348127855	45.6717746297	11946.8887518	12070.9953392	90.0

79.9911205892	45.5477209848	11945.4611146	12070.9999562	90.0

79.8175284395	41.3763547668	11949.8018978	12070.995781	91.0

81.3924378655	41.2667216694	11948.3408008	12070.9999603	91.0

81.2323846427	37.4900615722	11952.2737343	12070.9961805	92.0

82.8258749804	37.3932711264	11950.780818	12070.9999641	92.0

82.678272111	33.9735506923	11954.3447189	12070.9965417	93.0

84.2903120981	33.8881919791	11952.8214634	12070.9999675	93.0

84.1541636068	30.7912866856	11956.0514181	12070.9968684	94.0

85.7847121402	30.716098457	11954.49916	12070.9999706	94.0

85.6591059369	27.9111730096	11957.4268848	12070.9971638	95.0

87.308112751	27.8450281505	11955.8468324	12070.9999733	95.0

87.1922128704	25.30421793	11958.5010002	12070.997431	96.0

88.8596191834	25.2461095096	11956.8942471	12070.9999758	96.0

88.7526588544	22.9442328881	11959.3007809	12070.9976727	97.0

90.4383979839	22.8932616397	11957.6683185	12070.9999781	97.0

90.3396734226	20.8075601894	11959.8506577	12070.9978913	98.0

92.0436713701	20.7629232749	11958.1933855	12070.9999802	98.0

91.9525362079	18.8728271783	11960.1727258	12070.9980892	99.0

93.6747122138	18.8338081056	11958.4914617	12070.999982	99.0

93.5905724837	17.1207243291	11960.2869714	12070.9982682	100.0

95.3308395525	17.0866839072	11958.5824602	12070.9999837	100.0

95.2531491671	15.5338049362	11960.2114761	12070.9984302	101.0

97.0114145653	15.504173161	11958.4843975	12070.9999852	101.0

96.9396712309	14.0963043031	11959.9626013	12070.9985768	102.0

98.7158369561	14.0705730805	11958.2135766	12070.9999866	102.0

98.6495784728	12.7939765362	11959.5551546	12070.9987096	103.0

100.443541698	12.7716931562	11957.784753	12070.9999879	103.0

100.382342604	11.6139472297	11959.0025399	12070.9988297	104.0

102.193996093	11.5947085157	11957.2112844	12070.999989	104.0

102.137464616	10.544580495	11958.3168934	12070.9989385	105.0

103.966697121	10.5280275591	11956.5052653	12070.99999	105.0

103.914472404	9.57535893683	11957.5092057	12070.9990371	106.0

105.76116903	9.56117247898	11955.6776494	12070.9999909	106.0

105.712918603	8.69677531502	11956.5894324	12070.9991263	107.0

107.576961158	8.68467141095	11954.7383592	12070.9999918	107.0

107.532378634	7.90023475163	11955.5665938	12070.9992072	108.0

109.413645953	7.88996107895	11953.6963855	12070.9999925	108.0

109.372448919	7.17796645587	11954.448865	12070.9992804	109.0

111.27081717	7.16929891363	11952.5598771	12070.9999932	109.0

111.232745263	6.52294403782	11953.2436574	12070.9993467	110.0

113.148088228	6.51568371926	11951.3362219	12070.9999938	110.0

113.112901372	5.92881357333	11951.9576919	12070.9994069	111.0

115.045090719	5.92278405525	11950.0321196	12070.9999944	111.0

115.012567507	5.38982866348	11950.5970652	12070.9994614	112.0

116.961473034	5.38487357987	11948.6536483	12070.9999949	112.0

116.931409254	4.9007918064	11949.1673097	12070.9995108	113.0

118.896899123	4.89677267689	11947.2063236	12070.9999954	113.0

118.869106392	4.45700146532	11947.6734477	12070.9995556	114.0

120.851047344	4.45379575219	11945.6951527	12070.9999958	114.0

120.825351865	4.05420427714	11946.12004	12070.9995962	115.0

122.823609423	4.05170364727	11944.1246831	12070.9999962	115.0

122.799850839	3.68855190009	11944.5112303	12070.999633	116.0

124.814289491	3.68666067067	11942.4990464	12070.9999965	116.0

124.792319831	3.35656204792	11942.8507845	12070.9996664	117.0

126.822803206	3.35519579678	11940.8219979	12070.9999969	117.0

126.802485918	3.05508330241	11941.1421275	12070.9996967	118.0

128.848876947	3.05416762598	11939.0969526	12070.9999971	118.0

128.830086004	2.78126333585	11939.3883749	12070.9997242	119.0

130.892247069	2.78073273927	11937.3270176	12070.9999974	119.0

130.874866152	2.53252021101	11937.5923628	12070.9997492	120.0

