S	I	R	Total	Time

7071.0	0.0	0.0	7071.0	0.0

7071.0	0.0	0.0	7071.0	1.0

7071.0	0.0	0.0	7071.0	1.0

7071.0	0.0	0.0	7071.0	2.0

7071.0	7.43137427578e-11	1.77795757241e-11	7071.0	2.0

7071.0	9.43477721839e-11	2.978426842e-11	7071.0	3.0

7071.0	2.71403336233e-10	8.6581556519e-11	7071.0	3.0

7071.0	3.44570185629e-10	1.30424236583e-10	7071.0	4.0

7071.0	6.7132595348e-10	2.53014495962e-10	7071.0	4.0

7071.0	8.52306797768e-10	3.61460948411e-10	7071.0	5.0

7071.0	1.40895427017e-09	5.85860980986e-10	7071.0	5.0

7071.0	1.78879022327e-09	8.13464414863e-10	7071.0	6.0

7071.0	2.71608651985e-09	1.19164744897e-09	7071.0	6.0

7070.99999999	3.44830851868e-09	1.63040591808e-09	7071.0	7.0

7070.99999999	4.99909808165e-09	2.24266881368e-09	7071.0	7.0

7070.99999999	6.34679063965e-09	3.05022652776e-09	7071.0	8.0

7070.99999999	8.98446483985e-09	4.02831689656e-09	7071.0	8.0

7070.99999998	1.14065610269e-08	5.47967347526e-09	7071.0	9.0

7070.99999998	1.59957370508e-08	7.05067648014e-09	7071.0	9.0

7070.99999997	2.0307982066e-08	9.63463875432e-09	7071.0	10.0

7070.99999996	2.84884840424e-08	1.22054339952e-08	7071.0	10.0

7070.99999995	3.61686129987e-08	1.68074831399e-08	7071.0	11.0

7070.99999993	5.1097735054e-08	2.11294492274e-08	7071.0	11.0

7070.99999991	6.48730273441e-08	2.93838122027e-08	7071.0	12.0

7070.99999987	9.2715075137e-08	3.68780496519e-08	7071.0	12.0

7070.99999983	1.17709867144e-07	5.18553061322e-08	7071.0	13.0

7070.99999976	1.70655853583e-07	6.52622736356e-08	7071.0	13.0

7070.99999969	2.16662477194e-07	9.28301366307e-08	7071.0	14.0

7070.99999956	3.19109670339e-07	1.17521197286e-07	7071.0	14.0

7070.99999943	4.0513753393e-07	1.69070391102e-07	7071.0	15.0

7070.99999918	6.06447019313e-07	2.15721828408e-07	7071.0	15.0

7070.99999892	7.69937337208e-07	3.13687693574e-07	7071.0	16.0

7070.99999843	1.17099361166e-06	4.03782647512e-07	7071.0	16.0

7070.99999792	1.48667843108e-06	5.92945754287e-07	7071.0	17.0

7070.99999693	2.29564021848e-06	7.70193213918e-07	7071.0	17.0

7070.99999595	2.91451530054e-06	1.14103250067e-06	7071.0	18.0

7070.99999394	4.56482315258e-06	1.49526712646e-06	7071.0	18.0

7070.99999197	5.79544077197e-06	2.23267177214e-06	7071.0	19.0

7070.99998785	9.1978025489e-06	2.95030000073e-06	7071.0	19.0

7070.99998389	1.16774118301e-05	4.4361192979e-06	7071.0	20.0

7070.99997533	1.87629888205e-05	5.9075338258e-06	7071.0	20.0

7070.99996725	2.38212492913e-05	8.93851983611e-06	7071.00000001	21.0

7070.99994929	3.87248111213e-05	1.19889662841e-05	7071.0	21.0

7070.99993261	4.91645220705e-05	1.82445986776e-05	7071.00000002	22.0

7070.99989453	8.08315183831e-05	2.4635477323e-05	7071.0	22.0

7070.99985972	0.000102622655627	3.76930558962e-05	7071.00000003	23.0

7070.99977815	0.000170627899308	5.12228177447e-05	7071.0	23.0

7070.99970465	0.000216626983805	7.87861647958e-05	7071.00000007	24.0

7070.99952792	0.000364344285736	0.000107738383654	7071.0	24.0

7070.99937098	0.000462566806303	0.000166594807227	7071.00000014	25.0

7070.99898332	0.000787422968088	0.000229256884277	7071.0	25.0

7070.99864415	0.000999702010976	0.000356457723603	7071.00000031	26.0

7070.99778253	0.00172372834234	0.000493743594613	7071.00000001	26.0

7070.99704005	0.00218842303364	0.000772195827453	7071.00000067	27.0

7070.99509807	0.003825002625	0.0010769393328	7071.00000001	27.0

7070.99345048	0.00485617265442	0.00169483277091	7071.00000149	28.0

7070.9890122	0.0086072105494	0.00238062009052	7071.00000003	28.0

7070.98530471	0.0109275963038	0.00377103427424	7071.00000334	29.0

7070.97504383	0.0196214401712	0.00533479168077	7071.00000007	29.0

7070.96659208	0.0249110891303	0.00850445002618	7071.00000762	30.0

7070.9427958	0.0450997674777	0.0121045846732	7071.00000015	30.0

7070.92336962	0.0572578793197	0.0193900187842	7071.00001752	31.0

7070.86924489	0.103090512198	0.0276649500835	7071.00000035	31.0

7070.82484054	0.130881314805	0.0443181933469	7071.00004005	32.0

7070.70971941	0.227472476653	0.0628088911769	7071.00000077	32.0

7070.61174287	0.288790875655	0.0995546153759	7071.00008836	33.0

7070.39672028	0.465265107155	0.138016195246	7071.00000158	33.0

7070.19633436	0.590672306741	0.21317401692	7071.00018068	34.0

7069.85317154	0.861994132926	0.28483725859	7071.00000293	34.0

7069.48195677	1.09429844016	0.424079386291	7071.0003346	35.0

7068.99850607	1.45827662034	0.543222269948	7071.00000496	35.0

7068.37060786	1.851179252	0.778778573108	7071.00056569	36.0

7067.74730999	2.29400600886	0.958691797387	7071.0000078	36.0

7066.75980434	2.91185508232	1.32922963414	7071.00088905	37.0

7066.00534514	3.41381651762	1.58084993194	7071.00001159	37.0

7064.53628138	4.33280515842	2.13223482679	7071.00132136	38.0

7063.65443074	4.88148625515	2.46409955728	7071.00001655	38.0

7061.5547269	6.19468023793	3.25247913065	7071.00188627	39.0

7060.53092939	6.79648512152	3.67260848186	7071.000023	39.0

7057.60925124	8.62320643377	4.77016277541	7071.00262045	40.0

7056.40388248	9.30708984747	5.28905908455	7071.00003142	40.0

7052.40608092	11.8056401772	6.79185691102	7071.00357801	41.0

7050.9524924	12.6218889229	7.42566114035	7071.00004247	41.0

7045.53645689	16.0050244088	9.46335240472	7071.00483371	42.0

7043.74040265	17.0229482877	10.2367060923	7071.00005703	42.0

7036.44589863	21.5762860879	12.9843011502	7071.00648586	43.0

7034.18078512	22.8861603897	13.9331307169	7071.00007623	43.0

7024.3916876	28.9909764334	17.6259964112	7071.00866044	44.0

7021.48988663	30.7092934569	18.8009214097	7071.0001015	44.0

7008.38638372	38.8709478937	23.7541835027	7071.01151512	45.0

7004.64220861	41.1338978986	25.2240280527	7071.00013456	45.0

6987.14703802	52.0128971495	31.8553013216	7071.01523649	46.0

6982.34626659	54.9460116677	33.7078990227	7071.00017728	46.0

6959.0761237	69.3841018525	42.5597972895	7071.02002284	47.0

6953.04346149	73.0595580365	44.8972119132	7071.00023144	47.0

6922.27569538	92.0936791036	56.65667809	7071.02605258	48.0

6914.91107012	96.5041683422	59.5850599514	7071.00029842	48.0

6874.56732575	121.366109435	75.1000096228	7071.03344481	49.0

6865.84736847	126.434664424	78.7183459415	7071.00037884	49.0

6813.48980133	158.537601075	99.0148134295	7071.04221584	50.0

6803.44379099	164.149567745	103.407113381	7071.00047212	50.0

6736.2864765	205.057801196	129.707946765	7071.05222446	51.0

6724.97176415	211.088714701	134.940096986	7071.00057583	51.0

6639.92360266	262.45813941	168.681354786	7071.06309686	52.0

6627.41625923	268.783724941	174.800700654	7071.00068483	52.0

6521.18163778	332.254769702	217.637725418	7071.0741329	53.0

6507.58026736	338.747426116	224.673096775	7071.00079025	53.0

6376.84457628	415.773352191	278.466286093	7071.08421456	54.0

6362.28112156	422.292838642	286.426918585	7071.00087879	54.0

6204.00103823	513.894358515	353.196360048	7071.09175679	55.0

6188.64813035	520.282945178	362.069857069	7071.00093259	55.0

6000.44751792	626.737918187	443.909322869	7071.09475897	56.0

5984.52057183	632.821163989	453.65919471	7071.00093053	56.0

5765.16332332	753.324503865	552.603189418	7071.0910166	57.0

5748.91424079	758.919457046	563.167153331	7071.00085117	57.0

5498.78462531	891.281559353	681.012339304	7071.07852396	58.0

5482.49021488	896.208405591	692.302057164	7071.00067763	58.0

5203.97243254	1036.68788645	830.395705586	7071.05602457	59.0

5187.91868952	1040.78329993	842.298413897	7071.00040335	59.0

4885.54839181	1184.15447541	1001.32069529	7071.0235625	60.0

4870.01369798	1187.28370855	1013.70263015	7071.00003669	60.0

4550.29858872	1327.20281108	1193.48140821	7070.98280801	61.0

4535.53647018	1329.2702777	1206.19285443	7070.99960231	61.0

4206.41847113	1458.92501338	1405.59346737	7070.93695188	62.0

4192.64185519	1459.88217787	1418.47510455	7070.9991376	62.0

3862.6810696	1572.8109044	1635.39814616	7070.89012016	63.0

3850.05003568	1572.6604154	1648.28823391	7070.99868499	63.0

3527.50464878	1663.5556441	1879.78619456	7070.84648744	64.0

3516.11975046	1662.35057013	1892.52796215	7070.99828274	64.0

3208.12901736	1727.65670614	2135.0236956	7070.8094191	65.0

3198.03115793	1725.49459737	2147.47220252	7070.99795782	65.0

2910.06426618	1763.67753353	2397.03914307	7070.78094278	66.0

2901.24068562	1760.69012314	2409.06691415	7070.99772291	66.0

2636.87831167	1772.16227148	2661.7210824	7070.76166555	67.0

2629.27292171	1768.5026363	2673.22201959	7070.9975776	67.0

2390.28916953	1755.28093624	2925.18094284	7070.7510486	68.0

2383.81508749	1751.11013439	2936.07229044	7070.99751232	68.0

2170.4644158	1716.3320452	3183.9513844	7070.74784539	69.0

2165.01593794	1711.8076724	3194.17390237	7070.99751272	69.0

1976.41421906	1659.22695011	3435.10935377	7070.75052294	70.0

1971.87711016	1654.49442558	3444.62602765	7070.99756339	70.0

1806.38594535	1588.04319807	3676.32842368	7070.7575671	71.0

1802.6454454	1583.23006819	3685.12213658	7070.99765017	71.0

1658.20343477	1506.68990589	3905.87431189	7070.76765256	72.0

1655.14968986	1501.90313291	3913.94493844	7070.9977612	72.0

1529.52701276	1418.69182888	4122.56086385	7070.77970549	73.0

1527.05839833	1414.01732978	4129.92215904	7070.99788716	73.0

1418.03393983	1327.07615952	4325.6828009	7070.79290025	74.0

1416.05876604	1322.57989646	4332.35935852	7070.99802103	74.0

1321.5312573	1234.33699209	4514.93837541	7070.80662481	75.0

1319.96817631	1230.06712739	4520.96285398	7070.99815768	75.0

1238.01702057	1142.452082	4690.35133502	7070.82043759	76.0

1236.79511935	1138.4411862	4695.76198793	7070.99829348	76.0

1165.70603215	1052.93000084	4852.19799429	7070.83402728	77.0

1164.76404358	1049.19777873	4857.03660355	7070.99842586	77.0

1103.0319705	966.872479835	5000.94272927	7070.8471796	78.0

1102.31744532	963.428197545	5005.25291025	7070.99855312	78.0

1048.63605309	885.04059666	5137.18310212	7070.85975187	79.0

1048.10438928	881.88532567	5141.00895917	7070.99867412	79.0

1001.34856505	807.918435925	5261.60465302	7070.87165399	80.0

1000.96212831	805.046927365	5264.98973252	7070.99878819	80.0

960.167665122	735.770532354	5374.94463705	7070.88283452	81.0

959.89483338	733.172909364	5377.93115223	7070.99889497	81.0

924.237840917	668.691740061	5477.96368945	7070.89327043	82.0

924.052415239	666.35464755	5480.59193157	7070.99899436	82.0

892.829879146	606.648909501	5571.42417085	7070.9029595	83.0

892.710249782	604.556720426	5573.73211621	7070.99908642	83.0

865.322435669	549.515341006	5656.07413793	7070.91191461	84.0

865.250874653	547.651090081	5658.09720659	7070.99917133	84.0

841.185830597	497.098459051	5732.63586974	7070.92015939	85.0

841.147912456	495.444538164	5734.40679874	7070.99924936	85.0

819.96806585	449.161645752	5801.79801327	7070.92772487	86.0

819.952158568	447.700343153	5803.34681914	7070.99932086	86.0

801.282865209	405.44121582	5864.2105659	7070.93464693	87.0

801.279679328	404.155130672	5865.56457619	7070.99938619	87.0

784.799519889	365.659398436	5920.482046	7070.94096433	88.0

784.801716122	364.531747259	5921.66598237	7070.99944575	88.0

770.234316563	329.534080173	5971.17832046	7070.9467172	89.0

770.236167033	328.548914087	5972.21441881	7070.99949993	89.0

757.343325244	296.785959186	6016.82266147	7070.9519459	90.0

757.340423513	295.92830828	6017.73081734	7070.99954913	90.0

745.916342574	267.14365516	6057.89669247	7070.9566902	91.0

745.905357637	266.399614147	6058.69462196	7070.99959375	91.0

735.771809269	240.347223503	6094.84195585	7070.96098862	92.0

735.750278717	239.703990869	6095.54536455	7070.99963414	92.0

726.752544643	216.150438387	6128.061895	7070.96487803	93.0

726.718703427	215.59631856	6128.68464868	7070.99967067	93.0

718.722165324	194.322137025	6157.92409102	7070.96839337	94.0

718.674801264	193.846518369	6158.47838404	7070.99970367	94.0

711.562070539	174.646862344	6184.76263459	7070.97156747	95.0

711.500408495	174.240172723	6185.25915224	7070.99973346	95.0

705.168905289	156.924983186	6208.88054251	7070.97443099	96.0

705.0925122	156.578633004	6209.32861512	7070.99976032	96.0

699.452418333	140.972440151	6230.55215388	7070.97701236	97.0

699.361126482	140.678756952	6230.9599011	7070.99978453	97.0

694.333650016	126.620228378	6250.02545947	7070.97933786	98.0

694.22747418	126.372405318	6250.39992684	7070.99980633	98.0

689.743373606	113.713719946	6267.5243381	7070.98143165	99.0

689.622505204	113.505704417	6267.87161634	7070.99982596	99.0

685.620832395	102.111821325	6283.25066216	7070.98331588	100.0

685.485578307	101.938266356	6283.57599896	7070.99984362	100.0

681.912603215	91.6861285181	6297.38627908	7070.98501081	101.0

681.763354839	91.5423245166	6297.69418015	7070.99985951	101.0

678.571643565	82.3200351284	6310.0948562	7070.98653489	102.0

678.408852432	82.2018451231	6310.38917623	7070.99987379	102.0

675.55647458	73.9078420654	6321.52358827	7070.98790492	103.0

675.380633227	73.8116411385	6321.80761226	7070.99988663	103.0

672.83047855	66.3538878585	6331.80476972	7070.98913613	104.0

672.642105568	66.2765071457	6332.08128545	7070.99989816	104.0

670.361293275	59.5717126077	6341.05723646	7070.99024234	105.0

670.160921683	59.5103880037	6341.32859884	7070.99990853	105.0

668.120288549	53.4832640986	6349.38768341	7070.99123606	106.0

667.908456795	53.435589634	6349.65587141	7070.99991784	106.0

666.082112472	48.0181512115	6356.8918649	7070.99212858	107.0

665.859357513	47.9820369481	6357.15853174	7070.9999262	107.0

664.224297337	43.112947224	6363.65568556	7070.99293012	108.0

663.991149365	43.086581433	6363.92220291	7070.99993371	108.0

662.52691648	38.7105437548	6369.75618963	7070.99364987	109.0

662.283894954	38.6923590961	6370.0236864	7070.99994045	109.0

660.972284862	34.7595547628	6375.26245651	7070.99429613	110.0

660.71989556	34.7481981574	6375.53185279	7070.99994651	110.0

659.544697273	31.2137690888	6380.23641002	7070.99487638	111.0

659.283430166	31.2080749674	6380.50844681	7070.99995194	111.0

658.230199019	28.0316493941	6384.73354892	7070.99539734	112.0

657.960526779	28.0306160098	6385.00881404	7070.99995682	112.0

657.016384684	25.1758749603	6388.80360541	7070.99586505	113.0

656.738761713	25.1786434642	6389.08255603	7070.99996121	113.0

655.892221276	22.6129255864	6392.4911381	7070.99628497	114.0

655.607083124	22.6187615825	6392.77412044	7070.99996514	114.0

654.847892544	20.3127037219	6395.8360657	7070.99666197	115.0

654.555655653	20.3209810367	6396.12333199	7070.99996868	115.0

653.874661764	18.2481919691	6398.87414672	7070.99700045	116.0

653.575723455	18.2583783941	6399.16587	7070.99997185	116.0

652.96475064	16.3951431473	6401.63741058	7070.99730437	117.0

652.659489295	16.4067879322	6401.93369747	7070.9999747	117.0

652.11123231	14.7318002135	6404.15454472	7070.99757725	118.0

651.800007708	14.7445231103	6404.45544644	7070.99997726	118.0

651.307936718	13.238643469	6406.45124209	7070.99782228	119.0

650.99109048	13.2521251471	6406.75676393	7070.99997955	119.0

650.549366838	11.8981626315	6408.55051285	7070.99804232	120.0

650.22722296	11.9121363018	6408.86062236	7070.99998162	120.0

649.83062444	10.6946515121	6410.47296398	7070.99823993	121.0

649.50348989	10.708895617	6410.78759796	7070.99998347	121.0

649.147344267	9.61402320018	6412.23704994	7070.99841741	122.0

648.815509621	9.62835504102	6412.55612047	7070.99998514	122.0

648.495635618	8.6436438215	6413.85929739	7070.99857683	123.0

648.159375731	8.65791400887	6414.18269689	7070.99998663	123.0

647.872030477	7.77218308936	6415.35450646	7070.99872003	124.0

647.531605165	7.78627071715	6415.68211209	7070.99998797	124.0

647.273437426	6.98948002238	6416.73593122	7070.99884867	125.0

646.929092155	7.00328847531	6417.06760855	7070.99998918	125.0

646.697100669	6.28642234198	6418.01544124	7070.99896425	126.0

646.349067245	6.2998756586	6418.35104736	7070.99999027	126.0

646.14056359	5.65483819743	6419.20366632	7070.99906811	127.0

645.789060838	5.66787791904	6419.54305248	7070.99999124	127.0

645.601636324	5.08739899014	6420.31012613	7070.99916144	128.0

645.246870754	5.09998143469	6420.65313993	7070.99999212	128.0

645.07836689	4.57753218371	6421.34334625	7070.99924532	129.0

644.720533348	4.5896260909	6421.68983347	7070.9999929	129.0

644.56901548	4.11934309232	6422.31096214	7070.99932072	130.0

644.208297778	4.13092759272	6422.66076824	7070.99999361	130.0

644.07203156	3.70754473706	6423.21981219	7070.99938849	131.0

643.708603085	3.7186076038	6423.57278356	7070.99999425	131.0

643.586033458	3.33739494861	6424.07602102	7070.99944943	132.0

643.220057758	3.34793109512	6424.43200597	7070.99999482	132.0

643.109790179	3.00463997556	6424.88507406	7070.99950422	133.0

642.741421521	3.01465016757	6425.24392365	7070.99999534	133.0

642.642205178	2.70546393125	6425.65188438	7070.99955349	134.0

642.271589087	2.71495368501	6426.01345303	7070.9999958	134.0

642.182301905	2.43644347891	6426.38085242	7070.9995978	135.0

641.809575671	2.4454221211	6426.74499842	7070.99999621	135.0

641.729210894	2.19450721506	6427.07591955	7070.99963766	136.0

641.354504063	2.20298708294	6427.44250544	7070.99999659	136.0

641.282158263	1.97689926612	6427.740616	7070.99967353	137.0

640.905593091	1.98489502924	6428.10950881	7070.99999693	137.0

640.840455433	1.78114666222	6428.3781037	7070.99970579	138.0

640.462147328	1.78867474928	6428.74917515	7070.99999723	138.0

640.40348997	1.60503009724	6428.99121476	7070.99973483	139.0

640.023547904	1.61210821366	6429.36434139	7070.9999975	139.0

639.970717399	1.44655772343	6429.58248584	7070.99976096	140.0

639.589244297	1.45320444742	6429.957549	7070.99999775	140.0

639.541653902	1.30394166609	6430.15418891	7070.99978448	141.0

639.15874701	1.31017611202	6430.53107485	7070.99999797	141.0

639.115869799	1.17557697527	6430.70835888	7070.99980566	142.0

638.731621032	1.18141851512	6431.08695862	7070.99999817	142.0

638.692983723	1.06002276146	6431.24681824	7070.99982472	143.0

638.307479989	1.06549079598	6431.62702756	7070.99999835	143.0

638.272657424	0.955985288016	6431.77119918	7070.99984189	144.0

637.885980933	0.961099060405	6432.15291852	7070.99999851	144.0

637.854591123	0.862302816736	6432.28296342	7070.99985736	145.0

637.466819677	0.867081262731	6432.66609772	7070.99999866	145.0

637.438519371	0.777932024217	6432.78341989	7070.99987129	146.0

637.049726628	0.782393653069	6433.16787851	7070.99999879	146.0

637.024207338	0.701935825528	6433.27374067	7070.99988384	147.0

636.634463073	0.706098627258	6433.6594372	7070.9999989	147.0

636.611447512	0.633472458739	6433.75497517	7070.99989514	148.0

636.220817852	0.637353833597	6434.14182733	7070.99999901	148.0

636.200056742	0.571785699131	6434.22806289	7070.99990534	149.0

635.808604387	0.575402405775	6434.61599231	7070.99999911	149.0

635.789873595	0.516196085558	6434.69384484	7070.99991452	150.0

635.397658033	0.519564204923	6435.08277696	7070.99999919	150.0

635.380756004	0.466093053707	6435.15307374	7070.9999228	151.0

634.987833701	0.469227965967	6435.5429376	7070.99999927	151.0

634.972579159	0.420927881956	6435.60642323	7070.99993027	152.0

634.579003745	0.423844254348	6435.99715134	7070.99999934	152.0

634.565233625	0.380207365385	6436.05449601	7070.999937	153.0

634.171056065	0.382919148968	6436.44602419	7070.99999941	153.0

634.158623664	0.343488142291	6436.49783127	7070.99994307	154.0

633.763892418	0.346008576006	6436.89009847	7070.99999946	154.0

633.75266573	0.310371605458	6436.93691122	7070.99994855	155.0

633.357426903	0.312713226078	6437.32985939	7070.99999951	155.0

633.347287132	0.280499337502	6437.37216702	7070.99995349	156.0

632.951584614	0.282673994277	6437.76574095	7070.99999956	156.0

632.942424834	0.253549015915	6437.8039841	7070.99995795	157.0

632.546300433	0.2555678889	6438.19813128	7070.9999996	157.0

632.538024384	0.229230739147	6438.23270685	7070.99996198	158.0

632.141517946	0.231104360349	6438.62737733	7070.99999964	158.0

632.134038964	0.207283730085	6438.65864292	7070.99996561	159.0

631.737188488	0.209022006701	6439.05378918	7070.99999967	159.0

631.730428528	0.187473377871	6439.08206698	7070.99996889	160.0

631.333270276	0.189085617019	6439.47764381	7070.99999971	160.0

631.327159048	0.169588583069	6439.50322422	7070.99997185	161.0

630.929727642	0.171083517482	6439.89918857	7070.99999973	161.0

630.92420183	0.153439374794	6439.92233332	7070.99997453	162.0

630.526530346	0.154825189079	6440.31864422	7070.99999976	162.0

630.521532908	0.138854771741	6440.33958926	7070.99997694	163.0

630.123652965	0.140139128834	6440.73620769	7070.99999978	163.0

630.119132499	0.125680861917	6440.75516577	7070.99997913	164.0

629.721074341	0.126870929459	6441.15205453	7070.9999998	164.0

629.716984523	0.113779078538	6441.1692175	7070.9999811	165.0

629.318777094	0.114881554935	6441.56634117	7070.99999982	165.0

629.31507617	0.103024651861	6441.58188206	7070.99998288	166.0

628.916747187	0.104045791847	6441.97920686	7070.99999984	166.0

628.913397514	0.0933052188469	6441.99328176	7070.99998449	167.0

628.514973533	0.0942508584045	6442.39077546	7070.99999985	167.0

628.51194117	0.0845195744165	6442.40352521	7070.99998595	168.0

628.113447648	0.0853951549338	6442.80115706	7070.99999987	168.0

628.110701986	0.0765765497409	6442.81270873	7070.99998727	169.0

627.712163344	0.0773871413344	6443.21044939	7070.99999988	169.0

627.709676775	0.0693940045292	6443.22091768	7070.99998846	170.0

627.311116447	0.0701443284606	6443.61873912	7070.99999989	170.0

627.308864064	0.0628979216125	6443.62822755	7070.99998954	171.0

626.910304554	0.0635923717639	6444.02610298	7070.9999999	171.0

626.908263884	0.057021593342	6444.03470504	7070.99999051	172.0

626.50972681	0.0576642567231	6444.43260884	7070.99999991	172.0

626.507877574	0.0517048903973	6444.44040893	7070.9999914	173.0

626.109383716	0.0522995666749	6444.83831664	7070.99999992	173.0

626.10770761	0.0468936045768	6444.84539098	7070.9999922	174.0

625.70927695	0.0474438246266	6445.24327915	7070.99999993	174.0

625.707757449	0.042538858007	6445.24969661	7070.99999292	175.0

625.309409214	0.0430479014972	6445.64754282	7070.99999993	175.0

625.308031398	0.0385965719908	6445.6533656	7070.99999357	176.0

624.909784094	0.039067484014	6446.05114836	7070.99999994	176.0

624.90853449	0.0350269894118	6446.05643269	7070.99999417	177.0

624.51040594	0.0354625961885	6446.45413141	7070.99999994	177.0

624.509272378	0.0317942452376	6446.45892808	7070.9999947	178.0

624.111279753	0.0321971689177	6446.85652303	7070.99999995	178.0

624.110251238	0.0288659802265	6446.86087797	7070.99999519	179.0

623.712411088	0.0292386528194	6447.25835021	7070.99999995	179.0

623.711477688	0.0262129934456	6447.26230495	7070.99999563	180.0

623.313805973	0.0265576699119	6447.65963632	7070.99999996	180.0

623.312958709	0.0238089296571	6447.66322839	7070.99999603	181.0

622.915470823	0.0241277001964	6448.06040144	7070.99999996	181.0

622.914701583	0.0216299980368	6448.06366481	7070.99999639	182.0

622.517412383	0.0219247996072	6448.46066278	7070.99999997	182.0

622.516713829	0.0196547190481	6448.46362817	7070.99999672	183.0

622.119637659	0.0199273461543	6448.86043496	7070.99999997	183.0

622.119003159	0.0178636966225	6448.86313017	7070.99999702	184.0

621.722153869	0.0181158114072	6449.25973029	7070.99999997	184.0

621.721577425	0.016239413087	6449.26218045	7070.99999729	185.0

621.324968399	0.0164725547634	6449.65855902	7070.99999997	185.0

621.324444583	0.0147660445409	6449.66078691	7070.99999754	186.0

620.928088753	0.0149816382004	6450.05692958	7070.99999998	186.0

620.927612657	0.0134292946194	6450.05895581	7070.99999776	187.0

620.531522528	0.0136286594501	6450.45484879	7070.99999998	187.0

620.531089708	0.0122162447911	6450.45669201	7070.99999796	188.0

620.13527737	0.0124006017401	6450.85232201	7070.99999998	188.0

620.134883807	0.0111152195254	6450.85399912	7070.99999814	189.0

619.739360958	0.0112856984376	6451.24935333	7070.99999998	189.0

619.739003011	0.0101156648338	6451.25087963	7070.99999831	190.0

619.343780969	0.0102733110996	6451.6459457	7070.99999998	190.0

619.343455343	0.00920803884487	6451.64733508	7070.99999846	191.0

618.948545063	0.00935381958488	6452.0421011	7070.99999999	191.0

618.948248774	0.00838371320302	6452.04336611	7070.9999986	192.0

618.553660862	0.00851852302081	6452.4378206	7070.99999999	192.0

618.553391206	0.00763488420933	6452.43897263	7070.99999872	193.0

618.159135935	0.00775955053814	6452.8331045	7070.99999999	193.0

618.158890465	0.00695449272855	6452.83415388	7070.99999884	194.0

617.764977784	0.00706978079877	6453.22795242	7070.99999999	194.0

617.764754279	0.00633615198697	6453.22890851	7070.99999894	195.0

617.371193829	0.006442769439	6453.62236339	7070.99999999	195.0

617.370990278	0.00577408247359	6453.62323467	7070.99999903	196.0

616.977791403	0.00587268363956	6454.0163359	7070.99999999	196.0

616.977605984	0.00526305323677	6454.01713008	7070.99999912	197.0

616.584777739	0.00535424311328	6454.40986801	7070.99999999	197.0

616.584608798	0.00479832893972	6454.41059207	7070.9999992	198.0

616.192159964	0.00488266687256	6454.80295736	7070.99999999	198.0

616.192006002	0.00437562210251	6454.80361764	7070.99999927	199.0

615.799945095	0.00445362520295	6455.19560127	7070.99999999	199.0

615.799804752	0.00399105001568	6455.19620353	7070.99999933	200.0

