S	I	R	Total	Time

12405.0	0.0	0.0	12405.0	0.0

12405.0	0.0	0.0	12405.0	1.0

12405.0	0.0	0.0	12405.0	2.0

12405.0	0.0	0.0	12405.0	3.0

12405.0	0.0	0.0	12405.0	4.0

12405.0	0.0	0.0	12405.0	5.0

12405.0	0.0	0.0	12405.0	6.0

12405.0	0.0	0.0	12405.0	7.0

12405.0	0.0	0.0	12405.0	8.0

12405.0	0.0	0.0	12405.0	9.0

12405.0	0.0	0.0	12405.0	10.0

12405.0	0.0	0.0	12405.0	11.0

12405.0	0.0	0.0	12405.0	12.0

12405.0	0.0	0.0	12405.0	13.0

12405.0	0.0	0.0	12405.0	14.0

12405.0	0.0	0.0	12405.0	15.0

12405.0	0.0	0.0	12405.0	16.0

12405.0	0.0	0.0	12405.0	17.0

12405.0	0.0	0.0	12405.0	18.0

12405.0	0.0	0.0	12405.0	19.0

12405.0	0.0	0.0	12405.0	20.0

12405.0	0.0	0.0	12405.0	21.0

12405.0	0.0	0.0	12405.0	22.0

12405.0	0.0	0.0	12405.0	23.0

12405.0	0.0	0.0	12405.0	24.0

12405.0	0.0	0.0	12405.0	25.0

12405.0	0.0	0.0	12405.0	26.0

12405.0	0.0	0.0	12405.0	27.0

12405.0	0.0	0.0	12405.0	28.0

12405.0	0.0	0.0	12405.0	29.0

12405.0	0.0	0.0	12405.0	30.0

13212.193319	8.21863891465	57.981501537	13278.3934594	30.0

13204.3197991	14.5151156042	59.567491503	13278.4024062	31.0

13190.4295548	25.6208316031	62.3677350615	13278.4181214	32.0

13165.9594189	45.1782035643	67.3079715697	13278.4455941	33.0

13122.9581622	79.5235612688	76.0114915666	13278.4932151	34.0

13047.7218774	139.545068468	91.3075762938	13278.5745222	35.0

12917.0870884	243.547293687	118.075238466	13278.7096206	36.0

12693.2375543	421.113175939	164.572485633	13278.9232159	37.0

12318.1877339	716.714905061	244.327909153	13279.2305481	38.0

11712.8072908	1188.5014647	378.284957932	13279.5937134	39.0

10791.8398278	1892.14707888	595.846998888	13279.8339056	40.0

9508.84589684	2838.88230221	931.820137504	13279.5483365	41.0

7921.94710398	3940.28908498	1415.97934173	13278.2155307	42.0

6218.5083793	4999.89269667	2057.20928372	13275.6103597	43.0

4637.33000388	5801.41917878	2833.38218672	13272.1313694	44.0

3344.10077338	6226.92338337	3697.50022101	13268.5243778	45.0

2380.30624535	6289.58685525	4595.45066699	13265.3437676	46.0

1701.74786863	6079.59767112	5481.42264047	13262.7681802	47.0

1236.69252351	5700.02956701	6324.01864748	13260.740738	48.0

919.814871092	5233.99616602	7105.32476361	13259.1358007	49.0

702.317880462	4738.14769793	7817.37409038	13257.8396688	50.0

550.830946222	4247.30030869	8458.63842188	13256.7696768	51.0

443.385395542	3781.09138282	9031.39324285	13255.8700212	52.0

365.688081737	3349.45103053	9539.96425975	13255.103372	53.0

308.415696287	2956.39541683	9989.63298159	13254.4440947	54.0

265.423030479	2602.46927207	10385.9814995	13253.8738021	55.0

232.600254873	2286.26357226	10734.5148317	13253.3786588	56.0

207.152950575	2005.34077084	11040.4540725	13252.9477939	57.0

187.148034127	1756.79132164	11308.633009	13252.5723647	58.0

171.225030875	1537.56339956	11543.456564	13252.2449944	59.0

158.410263973	1344.65364863	11748.8955081	13251.9594207	60.0

317.307887304	1468.39571268	12577.7591829	14363.4627828	60.0

294.50764217	1293.98376337	12774.7051861	14363.1965917	61.0

275.788413995	1139.01499275	12948.1594867	14362.9628934	62.0

260.305689837	1001.68300374	13100.7690505	14362.7577441	63.0

247.414928705	880.236634708	13234.9261277	14362.5776911	64.0

236.618796677	773.021482748	13352.7794223	14362.4197017	65.0

227.529502282	678.50191599	13456.2496893	14362.2811076	66.0

219.841642331	595.270420941	13547.0474954	14362.1595586	67.0

213.312426908	522.048869666	13626.6916881	14362.0529847	68.0

207.747132844	457.684774091	13696.5276555	14361.9595624	69.0

202.988296709	401.144573804	13757.7448156	14361.8776861	70.0

198.90760778	351.505315292	13811.3930198	14361.8059429	71.0

195.399768677	307.945615272	13858.3977057	14361.7430896	72.0

192.377803235	269.736485695	13899.5737445	14361.6880334	73.0

189.76943844	236.232384706	13935.6379907	14361.6398138	74.0

187.514290458	206.862713705	13967.220583	14361.5975871	75.0

185.561657844	181.123883674	13994.8750711	14361.5606126	76.0

183.86877702	158.572009314	14019.087454	14361.5282403	77.0

182.399432576	138.816247016	14040.2842201	14361.4998997	78.0

181.122842054	121.512765446	14058.8394831	14361.4750906	79.0

180.012754707	106.359320608	14075.0812992	14361.4533745	80.0

179.046718297	93.0903974922	14089.2972511	14361.4343669	81.0

178.205478825	81.4728754273	14101.7393765	14361.4177307	82.0

177.472486162	71.3021724645	14112.6285123	14361.4031709	83.0

176.833484599	62.398824453	14122.1581197	14361.3904287	84.0

176.276171977	54.6054560953	14130.4976497	14361.3792777	85.0

175.789914513	47.7841037136	14137.7955013	14361.3695195	86.0

175.365507157	41.813852328	14144.1816208	14361.3609803	87.0

174.994971375	36.5887527056	14149.7697839	14361.353508	88.0

174.671383866	32.0159871165	14154.6595985	14361.3469695	89.0

174.388730976	28.0142555318	14158.9382616	14361.3412481	90.0

256.86374694	43.759360992	15472.2514427	15772.8745506	90.0

256.294575575	38.4600452909	15478.1123466	15772.8669675	91.0

255.795380834	33.8015093828	15483.2634125	15772.8603027	92.0

255.357460706	29.7064952197	15487.7904893	15772.8544452	93.0

254.973217736	26.107008258	15491.7690713	15772.8492973	94.0

254.636013776	22.9432186246	15495.2655407	15772.8447731	95.0

254.340044953	20.1624898501	15498.3382624	15772.8407972	96.0

254.080233811	17.7185210182	15501.0385483	15772.8373031	97.0

253.852136053	15.5705895886	15503.411507	15772.8342326	98.0

253.651859797	13.6828834614	15505.496791	15772.8315343	99.0

253.475995512	12.0239120586	15507.3292556	15772.8291631	100.0

253.321555168	10.5659872971	15508.939537	15772.8270794	101.0

253.185919296	9.28476633229	15510.3545628	15772.8252484	102.0

253.066790886	8.15884885051	15511.5979996	15772.8236394	103.0

252.962155199	7.16942250545	15512.6906478	15772.8222255	104.0

252.870244693	6.29995081917	15513.6507875	15772.820983	105.0

252.789508403	5.53589852233	15514.4944843	15772.8198913	106.0

252.718585172	4.86448988796	15515.2358569	15772.8189319	107.0

252.656280248	4.27449613075	15515.8873125	15772.8180889	108.0

252.601544801	3.75604840326	15516.459755	15772.8173482	109.0

252.553458002	3.30047332815	15516.9627659	15772.8166972	110.0

252.511211313	2.90014836657	15517.4047656	15772.8161253	111.0

252.474094736	2.54837464283	15517.7931533	15772.8156227	112.0

252.441484754	2.239265128	15518.1344312	15772.8151811	113.0

252.412833758	1.96764633485	15518.4343129	15772.814793	114.0

252.38766078	1.72897189727	15518.6978193	15772.814452	115.0

252.365543358	1.51924660166	15518.9293624	15772.8141524	116.0

252.346110404	1.33495960973	15519.1328191	15772.8138891	117.0

252.329035942	1.17302576313	15519.3115961	15772.8136578	118.0

252.314033615	1.03073399384	15519.4686869	15772.8134545	119.0

252.300851859	0.905701981649	15519.606722	15772.8132759	120.0

336.781986088	3.57830263464	17220.8588009	17561.2190896	120.0

336.720773046	3.15862928626	17221.3390876	17561.21849	121.0

336.666748575	2.78816773354	17221.7630444	17561.2179607	122.0

336.619067666	2.46114921154	17222.1372766	17561.2174934	123.0

336.576984818	2.17248076507	17222.4676154	17561.217081	124.0

336.539842286	1.91766617137	17222.7592085	17561.2167169	125.0

336.507059714	1.69273609493	17223.0165998	17561.2163956	126.0

336.478125008	1.49418640134	17223.2438005	17561.2161119	127.0

336.45258629	1.31892368054	17223.4443515	17561.2158615	128.0

336.430044798	1.16421713973	17223.6213785	17561.2156405	129.0

336.410148635	1.02765612327	17223.7776406	17561.2154454	130.0

336.392587252	0.907112603237	17223.9155733	17561.2152732	131.0

336.377086578	0.800708060092	17224.0373265	17561.2151212	132.0

336.363404736	0.706784240878	17224.144798	17561.214987	133.0

336.351328254	0.623877341649	17224.2396629	17561.2148685	134.0

336.340668727	0.550695213814	17224.3234	17561.214764	135.0

336.331259868	0.486097240691	17224.3973146	17561.2146717	136.0

336.322954913	0.42907657184	17224.4625588	17561.2145902	137.0

336.315624326	0.37874443922	17224.5201496	17561.2145183	138.0

336.309153776	0.334316311441	17224.5709848	17561.2144549	139.0

336.30344235	0.295099670872	17224.6158568	17561.2143988	140.0

336.298400978	0.260483223531	17224.6554652	17561.2143494	141.0

336.293951045	0.229927373908	17224.6904273	17561.2143057	142.0

336.290023157	0.202955816522	17224.7212882	17561.2142672	143.0

336.286556068	0.179148113341	17224.748529	17561.2142332	144.0

336.283495715	0.158133141544	17224.7725743	17561.2142032	145.0

336.280794381	0.13958330959	17224.793799	17561.2141767	146.0

336.278409945	0.123209451557	17224.8125339	17561.2141533	147.0

336.27630523	0.108756320214	17224.8290711	17561.2141326	148.0

336.27444742	0.0959986086482	17224.8436684	17561.2141144	149.0

336.272807551	0.0847374384731	17224.8565533	17561.2140983	150.0

438.820796879	0.574712845322	19384.1878579	19823.5833676	150.0

438.807951387	0.510116069062	19384.2652079	19823.5832754	151.0

438.796550025	0.452779567705	19384.3338638	19823.5831934	152.0

438.786430416	0.40188739448	19384.3948029	19823.5831207	153.0

438.777448443	0.356715289539	19384.4488925	19823.5830562	154.0

438.769476199	0.316620380048	19384.4969023	19823.5829989	155.0

438.762400161	0.281032036737	19384.5395159	19823.5829481	156.0

438.75611957	0.249443757206	19384.5773396	19823.582903	157.0

438.750545001	0.221405960781	19384.6109119	19823.5828629	158.0

438.74559708	0.196519592631	19384.6407107	19823.5828273	159.0

438.741205361	0.174430446311	19384.66716	19823.5827958	160.0

438.737307316	0.154824124082	19384.6906363	19823.5827678	161.0

438.733847448	0.137421563411	19384.7114739	19823.5827429	162.0

438.730776499	0.121975066058	19384.7299693	19823.5827209	163.0

438.728050751	0.108264773325	19384.7463857	19823.5827013	164.0

438.725631397	0.0960955373476	19384.7609569	19823.5826839	165.0

438.723483997	0.0852941439448	19384.7738903	19823.5826685	166.0

438.721577979	0.0757068475431	19384.7853699	19823.5826548	167.0

438.719886209	0.0671971831054	19384.7955592	19823.5826426	168.0

438.718384605	0.0596440239521	19384.8046032	19823.5826318	169.0

438.71705179	0.052939857844	19384.8126306	19823.5826222	170.0

438.71586879	0.0469892568035	19384.8197557	19823.5826137	171.0

438.714818766	0.0417075189058	19384.8260799	19823.5826062	172.0

438.71388677	0.037019462715	19384.8316933	19823.5825995	173.0

438.713059536	0.0328583572125	19384.8366757	19823.5825935	174.0

438.712325286	0.0291649719911	19384.841098	19823.5825883	175.0

438.711673569	0.0258867342007	19384.8450233	19823.5825836	176.0

438.711095108	0.0229769802466	19384.8485073	19823.5825794	177.0

438.710581669	0.0203942915937	19384.8515998	19823.5825757	178.0

438.710125943	0.0181019052229	19384.8543446	19823.5825725	179.0

438.709721442	0.0160671903501	19384.8567809	19823.5825696	180.0

