S	I	R	Total	Time

4496.0	0.0	0.0	4496.0	0.0

4496.0	0.0	0.0	4496.0	1.0

4495.99650784	0.00323195539375	0.000260212499934	4496.0	1.0

4495.99573452	0.00366126726652	0.000604642244972	4496.00000043	2.0

4495.98900392	0.00966090729515	0.00133518081891	4496.00000001	2.0

4495.98669236	0.0109441946861	0.00236474427032	4496.0000013	3.0

4495.97280461	0.0231384504307	0.00405697084849	4496.00000003	3.0

4495.96726829	0.0262119771455	0.0065228357582	4496.0000031	4.0

4495.93807201	0.0517410660216	0.0101869864388	4496.00000006	4.0

4495.92569209	0.0586138238822	0.0157010271452	4496.00000694	5.0

4495.86429571	0.112338742271	0.0233656860514	4496.00000014	5.0

4495.8374173	0.127260165742	0.0353375913919	4496.00001506	6.0

4495.70899619	0.23994653809	0.0510575724748	4496.0000003	6.0

4495.65158848	0.271815188165	0.0766284926162	4496.00003216	7.0

4495.38467954	0.506816031448	0.108505063212	4496.00000063	7.0

4495.2634334	0.574118917218	0.16251558199	4496.0000679	8.0

4494.71195677	1.06129930027	0.226745247146	4496.00000132	8.0

4494.45810731	1.20219074109	0.33984401403	4496.00014207	9.0

4493.32445491	2.2067058037	0.468842028658	4496.00000274	9.0

4492.79683714	2.49946413596	0.703993608833	4496.00029488	10.0

4490.47685407	4.56045073691	0.962700839114	4496.00000565	10.0

4489.38730381	5.16466854085	1.44863486818	4496.00060722	11.0

4484.66128037	9.37156772307	1.96716343588	4496.00001153	11.0

4482.42582481	10.6098321031	2.9655817215	4496.00123863	12.0

4472.85875414	19.1374223342	4.00384675275	4496.00002322	12.0

4468.30841833	21.6520433048	6.04202983987	4496.00249147	13.0

4449.15829591	38.7279885071	8.11376129107	4496.0000457	13.0

4440.0092114	43.7599664383	12.2357112778	4496.00488912	14.0

4402.5339983	77.1377644311	16.3283232914	4496.00008602	14.0

4384.54262618	86.9386315595	24.5278915736	4496.00914931	15.0

4314.41020739	149.168379712	32.4215613713	4496.00014847	15.0

4280.45919164	167.316656757	48.2397634663	4496.01561187	16.0

4159.24887308	274.002556868	62.7487876455	4496.00021759	16.0

4099.56907588	304.770545269	91.6827327222	4496.02235387	17.0

3913.44623216	466.248942005	116.305059148	4496.00023332	17.0

3818.97833	511.828843471	165.215546569	4496.02272004	18.0

3570.21351895	722.970155799	202.816426453	4496.0001012	18.0

3438.61867314	779.418565138	277.96988777	4496.00712605	19.0

3146.8135119	1019.92105837	329.265196386	4495.99976666	19.0

2986.12552591	1075.72507541	434.120768698	4495.97137001	20.0

2679.03322138	1319.79462585	497.171434111	4495.99928134	20.0

2505.33152545	1359.35502101	631.23590423	4495.92245069	21.0

2209.5047674	1584.4212414	702.072769666	4495.99877847	21.0

2040.54682423	1594.20694196	861.120449473	4495.87421566	22.0

1775.33087336	1785.76228669	934.905222382	4495.99838243	22.0

1624.61035383	1758.99020253	1112.23737842	4495.83793478	23.0

1399.79438776	1911.78126558	1184.42249173	4495.99814507	23.0

1274.04793676	1849.24559491	1372.5237314	4495.81726306	24.0

1091.10068084	1965.25977396	1439.63759616	4495.99805096	24.0

991.17696188	1873.08139592	1631.55152968	4495.80988748	25.0

846.338329472	1958.18559001	1691.47413727	4495.99805675	25.0

769.522887682	1844.72145236	1881.56714237	4495.81148242	26.0

656.772427222	1905.81929606	1933.40639814	4495.99812142	26.0

598.93264011	1779.31385368	2117.57177612	4495.81826991	27.0

511.945627671	1822.70532177	2161.34726719	4495.99821662	27.0

468.882922242	1690.07674716	2336.86805919	4495.82772859	28.0

402.00047691	1720.82856422	2373.16928449	4495.99832562	28.0

370.078792007	1587.3176116	2538.4419818	4495.8383854	29.0

318.634026462	1609.21704115	2568.14737161	4495.99843922	29.0

294.956009773	1478.50247365	2722.39094396	4495.84942738	30.0

255.269940461	1494.2571294	2746.47148261	4495.99855248	30.0

237.633607408	1368.74899532	2889.47780531	4495.86040804	31.0

206.878653009	1380.24330149	2908.87670814	4495.99866264	31.0

193.655493617	1261.39810813	3040.81747425	4495.871076	32.0

169.6880955	1269.92406668	3056.386606	4495.99876817	32.0

159.691652991	1158.51685371	3177.67277946	4495.88128616	33.0

140.897522272	1164.95467607	3190.14666984	4495.99886819	33.0

133.269547389	1061.29122888	3301.33017909	4495.89095535	34.0

118.43559369	1066.24077844	3311.32259008	4495.99896221	34.0

112.556453395	970.314068471	3413.02951766	4495.90003952	35.0

100.770445695	974.186502127	3421.04210223	4495.99905005	35.0

96.1920751912	885.78809687	3513.92834884	4495.9085209	36.0

86.766302976	888.868101245	3520.36472748	4495.9991317	36.0

83.1634090432	807.665712244	3605.08727864	4495.91639993	37.0

75.5775159384	810.153100773	3610.26859057	4495.99920728	37.0

72.7126039409	735.743663918	3687.46742188	4495.92368974	38.0

66.571121076	737.780936347	3691.64721958	4495.99927701	38.0

64.2696216753	669.726426168	3761.93436418	4495.93041202	39.0

59.2705238546	671.416969638	3765.31184766	4495.99934115	39.0

57.4031521465	609.26820435	3829.26523756	4495.93659406	40.0

53.3145820719	610.688333411	3831.99648455	4495.99940003	40.0

51.7848204307	554.000502439	3890.15694358	4495.94226645	41.0

48.4278308397	555.207471913	3892.36415121	4495.99945397	41.0

47.1630235275	503.549992681	3945.23444526	4495.94746147	42.0

44.398744443	504.587385443	3947.01337341	4495.9995033	42.0

43.3437350874	457.549894028	3995.05858275	4495.95221187	43.0

41.063796484	458.451295468	3996.48445641	4495.99954836	43.0

40.1763582017	415.647014608	4040.13317721	4495.95655002	44.0

38.2957124867	416.438562975	4041.26531401	4495.99958947	44.0

37.5432456206	377.50590267	4080.91135907	4495.96050736	45.0

35.9947646499	378.20809501	4081.79676728	4495.99962694	45.0

35.3518946848	342.811073768	4117.80114551	4495.96411397	46.0

34.0822838759	343.440072228	4118.47730497	4495.99966107	46.0

33.5291018913	311.267963482	4151.17033299	4495.96739836	47.0

32.4957959963	311.836560421	4151.66733572	4495.99969214	47.0

32.0165603968	282.603042522	4181.35078444	4495.97038736	48.0

31.1853541714	283.121387781	4181.69297844	4495.99972039	48.0

30.767525633	256.563389102	4208.64219125	4495.97310599	49.0

30.1107571832	257.039547613	4208.84944129	4495.99974608	49.0

29.7442758836	232.915918334	4233.31538332	4495.97557754	50.0

29.2394275758	233.356303842	4233.40403801	4495.99976943	50.0

28.9161677917	211.446404355	4255.61525142	4495.97782356	51.0

28.5447840986	211.856120555	4255.59888599	4495.99979064	51.0

28.2581395524	191.958387561	4275.76333684	4495.97986395	52.0

28.0049865554	192.341498596	4275.65332475	4495.99980991	52.0

27.7495528312	174.272029711	4293.96013447	4495.98171701	53.0

27.6019628017	174.631775822	4293.76608877	4495.9998274	53.0

27.373292342	158.222959443	4310.38714776	4495.98339954	54.0

27.3206506879	158.561929409	4310.11726318	4495.99984328	54.0

27.1150624507	143.661136658	4325.20872783	4495.98492694	55.0

27.1484046308	143.981405829	4324.87004723	4495.99985769	55.0

26.9628352059	130.449754488	4338.57372361	4495.9863133	56.0

27.0745289298	130.752995227	4338.17234662	4495.99987077	56.0

26.9064153247	118.464190745	4350.61696542	4495.98757149	57.0

27.0899091511	118.751760614	4350.15821288	4495.99988265	57.0

26.9370959369	107.591015907	4361.46060141	4495.98871325	58.0

27.1867197547	107.864027884	4360.94914578	4495.99989342	58.0

27.0473850767	97.7270613575	4371.21530285	4495.98974929	59.0

27.3581912654	97.9864395021	4370.65527243	4495.99990319	59.0

27.2307875604	88.7785491999	4379.98135259	4495.99068935	60.0

27.5984241491	89.025072575	4379.37641534	4495.99991206	60.0

27.4816304002	80.6602833171	4387.8496286	4495.99154232	61.0

27.9022394732	80.8946204262	4387.20306021	4495.99992011	61.0

27.7949225705	73.2949002163	4394.90249346	4495.99231625	62.0

28.2650586463	73.5176358167	4394.21723295	4495.99992741	62.0

28.1662419765	66.6121774274	4401.21459909	4495.99301849	63.0

28.6828062302	66.8238332318	4400.49329458	4495.99993404	63.0

28.5916440365	60.5483967317	4406.85361493	4495.9936557	64.0

29.1518311188	60.7494472341	4406.0986617	4495.99994005	64.0

29.0675874891	55.0457592043	4411.88088723	4495.99423392	65.0

29.6688423819	55.2366436381	4411.09445949	4495.99994551	65.0

29.5908739677	50.0518489024	4416.35203579	4495.99475866	66.0

30.2308568529	50.2329801468	4415.53611346	4495.99995046	66.0

30.1585986092	45.5191419818	4420.3174943	4495.99523489	67.0

30.8351561466	45.6909130798	4419.47388573	4495.99995495	67.0

30.7681095257	41.4045580547	4423.82299956	4495.99566714	68.0

31.4792512667	41.5673468776	4422.95336089	4495.99995903	68.0

31.4169744153	37.6690506799	4426.91003441	4495.9960595	69.0

32.1608533373	37.8232231664	4426.01588623	4495.99996274	69.0

32.1029529322	34.2772339935	4429.61622878	4495.9964157	70.0

32.8778492868	34.4231463078	4428.69897051	4495.9999661	70.0

32.8239737173	31.1970426302	4431.97572276	4495.99673911	71.0

33.6282815458	31.3350425108	4431.0366451	4495.99996915	71.0

33.578115203	28.3994222357	4434.01949534	4495.99703278	72.0

34.4103310045	28.5298497514	4433.05979117	4495.99997193	72.0

34.3635894857	25.8580480398	4435.77566196	4495.99729949	73.0

35.2223026243	25.98123592	4434.7964359	4495.99997445	73.0

35.1787286943	23.5490691183	4437.26974393	4495.99754174	74.0

36.0626132162	23.6653427913	4436.27202073	4495.99997673	74.0

36.0219733951	21.4508761428	4438.52491227	4495.99776181	75.0

36.9297809901	21.5605535796	4437.50964424	4495.99997881	75.0

36.8918626629	19.5438905709	4439.56220853	4495.99796176	76.0

37.8224165589	19.6472820146	4438.53028213	4495.9999807	76.0

37.7870255187	17.8103733909	4440.40074455	4495.99814346	77.0

38.7392151398	17.9077810256	4439.35298625	4495.99998242	77.0

38.7061734927	16.2342516772	4441.05788344	4495.99830861	78.0

39.678949744	16.3259692811	4439.99506495	4495.99998398	78.0

39.6480941161	14.8009613567	4441.54940326	4495.99845873	79.0

40.6404651872	14.8872739673	4440.47224624	4495.9999854	79.0

40.611645185	13.4973047159	4441.88964532	4495.99859522	80.0

41.6226727838	13.5784883284	4440.79882558	4495.99998669	80.0

41.5957496661	12.3113213028	4442.09164838	4495.99871935	81.0

42.6245456135	12.3876426154	4440.98779963	4495.99998786	81.0

42.5993911422	11.2321709925	4442.16727011	4495.99883224	82.0

43.6451142716	11.3038872052	4441.05098745	4495.99998893	82.0

43.6216097121	10.2500280919	4442.12729714	4495.99893494	83.0

44.6834630284	10.3173867638	4440.99914011	4495.9999899	83.0

44.6614982766	9.35598545839	4441.98154466	4495.99902839	84.0

45.7387263377	9.41922442271	4440.84204003	4495.99999079	84.0

45.7181991551	8.54196769841	4441.73894658	4495.99911344	85.0

46.8100856479	8.60131503391	4440.58859091	4495.99999159	85.0

46.7909009863	7.80065259391	4441.40763727	4495.99919085	86.0

47.8967664729	7.85632665005	4440.2468992	4495.99999232	86.0

47.8788358773	7.12539998502	4440.99502547	4495.99926133	87.0

48.9980356921	7.17760945594	4439.82434784	4495.99999299	87.0

48.9812767696	6.51018740501	4440.50786134	4495.99932551	88.0

50.1131990517	6.55913144788	4439.3276631	4495.9999936	88.0

50.0975349967	5.94955182961	4439.95229714	4495.99938397	89.0

51.2415988451	5.99542022218	4438.76297508	4495.99999415	89.0

51.2269580131	5.4385369615	4439.33394225	4495.99943723	90.0

52.3826117531	5.48151029367	4438.13587261	4495.99999466	90.0

52.3689272768	4.97264552457	4438.65791295	4495.99948576	91.0

53.5356468297	5.01289541898	4437.45145287	4495.99999512	91.0

53.5228562714	4.54779609171	4437.92887762	4495.99952999	92.0

54.7001436192	4.58548544846	4436.71436647	4495.99999554	92.0

54.6881886545	4.16028401469	4437.15109764	4495.99957031	93.0

55.8755703927	4.19556727563	4435.92885825	4495.99999592	93.0

55.8643965229	3.80674606506	4436.32846449	4495.99960707	94.0

57.0614224968	3.83976949346	4435.09880428	4495.99999627	94.0

57.0509787846	3.48412843227	4435.46453339	4495.99964061	95.0

58.2572208028	3.51503040406	4434.22774538	4495.99999658	95.0

58.2474596305	3.18965775852	4434.56255381	4495.99967119	96.0

59.4625102523	3.21856906158	4433.31891756	4495.99999687	96.0

59.4533870985	2.92081492037	4433.62549709	4495.99969911	97.0

60.6768584895	2.94785905882	4432.37527959	4495.99999714	97.0

60.6683317233	2.67531129482	4432.65608156	4495.99972458	98.0

61.8998545776	2.70060479561	4431.39953801	4495.99999738	98.0

61.8918852681	2.45106727249	4431.65679529	4495.99974783	99.0

63.1311077908	2.47471999188	4430.39416982	4495.9999976	99.0

63.1236595303	2.24619280329	4430.62991673	4495.99976906	100.0

64.3702464795	2.26830823114	4429.36144309	4495.9999978	100.0

64.3632852195	2.05896978031	4429.57753346	4495.99978846	101.0

65.6169170033	2.07964534059	4428.30343564	4495.99999799	101.0

65.6104109018	1.88783608671	4428.50155918	4495.99980617	102.0

66.870782728	1.90716343258	4427.22205199	4495.99999815	102.0

66.8647020067	1.73137114658	4427.4037492	4495.99982236	103.0

68.1315230816	1.74943644893	4426.11903878	4495.99999831	103.0

68.1258398938	1.58828283651	4426.28571442	4495.99983715	104.0

69.3988326684	1.60516706493	4424.99599872	4495.99999845	104.0

69.3935209745	1.45739562808	4425.14893407	4495.99985067	105.0

70.6724204345	1.47317482348	4423.85440332	4495.99999858	105.0

70.6674558865	1.33763984396	4423.99476731	4495.99986304	106.0

71.952008885	1.35238538228	4422.69560443	4495.99999869	106.0

71.9473687177	1.22804192174	4422.82446371	4495.99987435	107.0

73.2373333467	1.24182076818	4421.52084469	4495.9999988	107.0

73.2329962767	1.12771558956	4421.63917283	4495.99988469	108.0

74.5281412759	1.14059054314	4420.33126708	4495.9999989	108.0

74.5240874065	1.0358538669	4420.43995289	4495.99989416	109.0

75.8241916077	1.04788379509	4419.12792359	4495.99999899	109.0

75.8204023401	0.951721812295	4419.22777867	4495.99990283	110.0

77.1252541445	0.962961875614	4417.91178305	4495.99999907	110.0

77.1217120944	0.8746499471	4418.00354872	4495.99991076	111.0

78.4311089809	0.88515181371	4416.68373835	4495.99999915	111.0

78.4277979003	0.804028291285	4416.76809183	4495.99991802	112.0

79.741545963	0.81384034165	4415.44461291	4495.99999922	112.0

79.7384506677	0.739300953415	4415.52217306	4495.99992468	113.0

81.0563641812	0.748468475127	4414.19516662	4495.99999928	113.0

81.0534704816	0.679961222437	4414.26649907	4495.99993077	114.0

82.3753714919	0.688526595409	4412.93610125	4495.99999934	114.0

82.3726661292	0.625547113947	4413.00172312	4495.99993636	115.0

83.6983840686	0.633549986198	4411.66806534	4495.99999939	115.0

83.6958546545	0.575637328133	4411.7284495	4495.99994148	116.0

85.0252259798	0.583114782415	4410.39165868	4495.99999944	116.0

85.0228609404	0.529847580659	4410.44723765	4495.99994617	117.0

86.3557287915	0.536834292206	4409.1074364	4495.99999949	117.0

86.3535173142	0.487827271464	4409.15860589	4495.99995048	118.0

87.6897311936	0.494355657183	4407.81591268	4495.99999953	118.0

87.6876631776	0.449256459799	4407.86303479	4495.99995443	119.0

89.0270786478	0.455356819198	4406.5175641	4495.99999956	119.0

89.0251446581	0.413843116806	4406.56097028	4495.99995805	120.0

