S	I	R	Total	Time

9757.0	0.0	0.0	9757.0	0.0

9757.0	0.0	0.0	9757.0	1.0

9757.0	0.0	0.0	9757.0	1.0

9757.0	0.0	0.0	9757.0	2.0

9756.99646019	0.00306419501859	0.000475625315367	9757.00000001	2.0

9756.99463828	0.00451264962061	0.00085053140432	9757.00000146	3.0

9756.98556803	0.0121114653723	0.00232054883057	9757.00000005	3.0

9756.9783668	0.0178365811287	0.0038023933462	9757.00000577	4.0

9756.95935602	0.0334962720528	0.00714783903836	9757.00000013	4.0

9756.93943989	0.0493299527932	0.0112461232119	9757.00001596	5.0

9756.90191485	0.0800020124633	0.0180834487145	9757.00000031	5.0

9756.85434788	0.1178185331	0.0278717141065	9757.00003812	6.0

9756.78213373	0.176685385637	0.041181564034	9757.00000068	6.0

9756.67708349	0.260201711727	0.0627989834434	9757.00008419	7.0

9756.53980481	0.372106405971	0.0880902242468	9757.00000144	7.0

9756.31857327	0.547986976447	0.133617023802	9757.00017727	8.0

9756.05897403	0.759893079963	0.181135819798	9757.00000293	8.0

9755.60722255	1.11903281337	0.274106503599	9757.00036186	9.0

9755.11657205	1.52034164895	0.363092165478	9757.00000587	9.0

9754.21287261	2.23875473456	0.549096090137	9757.00072343	10.0

9753.28267263	3.00123409756	0.716104841831	9757.00001157	10.0

9751.49923642	4.41892396506	1.08326557323	9757.00142596	11.0

9749.72525839	5.87606338169	1.39870082453	9757.0000226	11.0

9746.23545132	8.64985291553	2.11747950007	9757.00278374	12.0

9742.82579257	11.4554254061	2.7188258888	9757.00004386	12.0

9736.02976448	16.855840056	4.11979173383	9757.00539627	13.0

9729.42491658	22.2966489075	5.27851914604	9757.00008464	13.0

9716.22509099	32.7810869904	8.00420969175	9757.01038767	14.0

9703.3875252	43.3560659206	10.256570709	9757.00016183	14.0

9677.82531753	63.6419911908	15.5524565521	9757.01976527	15.0

9653.13163615	83.9390214222	19.9296455239	9757.0003031	15.0

9604.03280924	122.836998047	30.1668603992	9757.03666768	16.0

9558.32628346	160.174477374	38.4997813574	9757.0005422	16.0

9466.0287296	233.057585854	57.9780525233	9757.06436798	17.0

9387.58790226	296.346495597	73.0664881303	9757.00088599	17.0

9221.39640633	426.787421353	108.917504797	9757.10133249	18.0

9099.9932776	522.747893707	134.260060433	9757.00123174	18.0

8820.06815951	740.106470934	196.955713964	9757.13034441	19.0

8652.28867005	868.700440094	236.012147457	9757.00125761	19.0

8219.97089872	1198.30716075	338.829666353	9757.10772583	20.0

8012.94815366	1350.00777307	394.044488331	9757.00041507	20.0

7409.91866618	1796.14635274	550.907593098	9756.97261202	21.0

7180.98127614	1953.19471465	622.822235763	9756.99822656	21.0

6428.72079857	2483.42311263	844.550396434	9756.69430763	22.0

6200.16816213	2625.4133346	931.413351954	9756.99484869	22.0

5363.50824534	3171.154874	1221.66470328	9756.32782262	23.0

5155.21771002	3281.99787125	1319.7757269	9756.99130817	23.0

4321.21771277	3761.89555759	1672.88811824	9756.0013886	24.0

4145.32034542	3834.15576669	1777.51276487	9756.98887697	24.0

3390.09854793	4186.02376051	2179.70230515	9755.8246136	25.0

3250.00830508	4220.86889393	2286.11094961	9756.98814861	25.0

2616.72723507	4419.78296988	2719.30671004	9755.81691499	26.0

2509.57474771	4423.8819673	2823.53211236	9756.98882736	26.0

2007.41140866	4478.88919367	3269.62356054	9755.92416287	27.0

1927.38909129	4460.81197056	3368.78916586	9756.99022771	27.0

1543.466767	4400.10476864	3812.50587683	9756.07741248	28.0

1484.32398379	4367.85795695	3904.80983406	9756.9917748	28.0

1196.79035805	4224.60370332	4334.83559299	9756.22965436	29.0

1153.08839109	4184.54847743	4419.3562961	9756.99316463	29.0

939.615757234	3988.54669766	4828.19767644	9756.36013134	30.0

907.096417686	3945.24390822	4904.65397645	9756.99430236	30.0

748.678694519	3719.84808839	5287.93797734	9756.46476025	31.0

724.19291053	3676.32771689	5356.47457137	9756.99519878	31.0

606.043154395	3438.37086559	5712.13268982	9756.54670981	32.0

587.331502815	3396.51019185	5773.15420537	9756.99590004	32.0

498.477695361	3157.42608166	6100.70720125	9756.61097828	33.0

483.941970047	3118.29410659	6154.76037776	9756.99645439	33.0

416.436171702	2885.4605083	6454.76545257	9756.66213257	34.0

404.950717776	2849.58602461	6502.46015863	9756.99690102	34.0

353.09403195	2627.49743825	6776.11222649	9756.70369669	35.0

343.864484486	2595.06184584	6818.07093837	9756.99726869	35.0

303.577674474	2386.23345102	7066.92707153	9756.73819703	36.0

296.040189142	2357.20329761	7103.75409083	9756.99757758	36.0

264.393039314	2162.82561374	7329.54873624	9756.7673893	37.0

258.14412074	2137.04109946	7361.81262141	9756.99784161	37.0

233.017529035	1957.43812822	7566.33682806	9756.79248532	38.0

227.765680797	1934.67094985	7594.56143977	9756.99807042	38.0

207.6137974	1769.61444807	7779.58608363	9756.8143291	39.0

203.146291359	1749.60487024	7804.24710922	9756.99827081	39.0

186.830424018	1598.5272226	7971.47587394	9756.83352055	40.0

182.990404107	1581.00730547	7993.00073812	9756.99844769	40.0

169.663159667	1443.14435579	8144.04298244	9756.85049789	41.0

166.333776799	1427.85206023	8162.81276767	9756.9986047	41.0

155.357982644	1302.33807022	8299.16953864	9756.8655915	42.0

152.451317192	1289.02540735	8315.52202011	9756.99874464	42.0

143.342945727	1174.95546901	8438.58064378	9756.87905851	43.0

140.792203872	1163.39280083	8452.81386504	9756.99886974	43.0

133.179889483	1059.86318282	8563.84803286	9756.89110516	44.0

130.933852868	1049.84106849	8576.22406045	9756.99898181	44.0

124.529931793	955.97463055	8676.39733891	9756.90190125	45.0

122.548970377	947.304138314	8687.14597366	9756.99908235	45.0

117.12857497	862.26566566	8777.51734902	9756.91158965	46.0

115.381753928	854.777755396	8786.83966333	9756.99917265	46.0

110.76758006	777.782516343	8868.37019625	9756.92029265	47.0

109.23053959	771.326888465	8876.44182577	9756.99925383	47.0

105.281643353	701.644668239	8950.00180473	9756.92811632	48.0

103.935029836	696.088335778	8956.97596123	9756.99932684	48.0

100.538511	633.044485948	9023.35215659	9756.93515354	49.0

99.3668053755	628.27023444	9029.36235273	9756.99939255	49.0

96.4315773999	571.244790933	9089.26511792	9756.94148625	50.0

95.422212534	567.149629493	9094.42760968	9756.9994517	50.0

92.8742941554	515.575219321	9148.49767366	9756.94718714	51.0

92.0169845603	512.068885697	9152.91363472	9756.99950498	51.0

89.7959107021	465.427913811	9201.72849635	9756.95232086	52.0

89.0821397972	462.431469475	9205.4859437	9756.99955297	52.0

87.1382030224	420.252919455	9249.56582269	9756.95694517	53.0

86.5608283794	417.697453244	9252.74131459	9756.99959621	53.0

84.8529418059	379.553526487	9292.55464337	9756.96111166	54.0

84.4058895622	377.378974013	9295.21477161	9756.99963519	54.0

82.8999186172	342.881716481	9331.18323149	9756.96486659	55.0

82.5779458645	341.035795374	9333.38592909	9756.99967033	55.0

81.2453965558	309.833808588	9365.88904623	9756.96825138	56.0

81.0439059702	308.271065265	9367.68473077	9756.99970201	56.0

79.8608863571	280.046361914	9397.06405493	9756.9713032	57.0

79.775781281	278.727323055	9398.49662625	9756.99973058	57.0

78.7221738546	253.192362592	9425.05951898	9756.97405543	58.0

78.749744914	252.082783198	9426.16722824	9756.99975636	58.0

77.8085429707	228.977705585	9450.19028946	9756.97653802	59.0

77.9453794244	228.047905024	9451.00649516	9756.99977961	59.0

77.10215183	207.137969169	9472.73865689	9756.97877788	60.0

77.3450724128	206.362246593	9473.2924816	9756.9998006	60.0

76.5875295503	187.435472258	9492.9577974	9756.98079921	61.0

76.933528743	186.791593131	9493.27469767	9756.99981955	61.0

76.2511687054	169.656600037	9511.07485497	9756.98262372	62.0

76.6973752512	169.125345995	9511.17711541	9756.99983665	62.0

76.0811940572	153.609380714	9527.29369617	9756.98427095	63.0

76.624839216	153.174155597	9527.20085729	9756.9998521	63.0

76.0670923982	139.121295015	9541.79737105	9756.98575846	64.0

76.7054859494	138.767780521	9541.52659959	9756.99986606	64.0

76.199491588	126.037299767	9554.75031071	9756.98710206	65.0

76.9300039936	125.753154847	9554.31671982	9756.99987866	65.0

76.4699793563	114.218047299	9566.30028929	9756.98831594	66.0

77.2900288103	113.992645987	9565.71721526	9756.99989006	66.0

76.8709543747	103.538283133	9576.58017538	9756.98941289	67.0

77.7779977134	103.362486105	9575.85941653	9756.99990035	67.0

77.3955036004	93.8854054548	9585.70949535	9756.9904044	68.0

78.3870302442	93.7513611342	9584.86151829	9756.99990966	68.0

78.0373010691	85.1581709607	9593.79582879	9756.99130082	69.0

79.1108293256	85.0591424669	9592.82994629	9756.99991808	69.0

78.7905242483	77.2655328646	9600.93605436	9756.99211147	70.0

79.9435994319	77.1957475468	9599.86057872	9756.9999257	70.0

79.6497847913	70.1255980068	9607.21746192	9756.99284472	71.0

80.8799787199	70.0801166912	9606.03983718	9756.99993259	71.0

80.6100711261	63.6646911544	9612.71874585	9756.99350814	72.0

81.9149826383	63.6392945878	9611.4456616	9756.99993883	72.0

81.6667007804	57.8165156618	9617.51089206	9756.9941085	73.0

83.0439569852	57.8076059427	9616.14838154	9756.99994447	73.0

82.8152807251	52.5214006786	9621.65797055	9756.99465195	74.0

84.2625387542	52.5259157434	9620.21149508	9756.99994958	74.0

84.0516743271	47.7256260366	9625.21784364	9756.995144	75.0

85.5666234043	47.7409655117	9623.69236529	9756.99995421	75.0

85.3719737499	43.380816819	9628.24279905	9756.99558962	76.0

86.9523374331	43.4047777601	9626.64284321	9756.9999584	76.0

86.7724768479	39.4434004103	9630.78011604	9756.9959933	77.0

88.4160153278	39.4741216424	9629.10982523	9756.9999622	77.0

88.2496677643	35.8741195531	9632.87257175	9756.99635906	78.0

89.9541801324	35.9100334862	9631.13575202	9756.99996564	78.0

89.8002005825	32.637595598	9634.55889438	9756.99669057	79.0

91.563527001	32.6773865383	9632.75905523	9756.99996876	79.0

91.4208854919	29.7019367287	9635.87416887	9756.99699109	80.0

93.2409092169	29.7445048312	9634.01455755	9756.99997159	80.0

93.1086770254	27.0383864822	9636.85020009	9756.9972636	81.0

94.9833262473	27.0828166021	9634.93383131	9756.99997416	81.0

94.8606639995	24.6210083721	9637.5158384	9756.99751077	82.0

96.7879134777	24.6665431664	9635.54551985	9756.99997649	82.0

96.6740608552	22.4264028568	9637.8972713	9756.99773501	83.0

98.6519333335	22.4724195729	9635.8756257	9756.9999786	83.0

98.5462001491	20.4334532879	9638.01828507	9756.9979385	84.0

100.572767544	20.4794437504	9635.94776923	9756.99998052	84.0

100.474525989	18.623097826	9637.9004994	9756.99812321	85.0

102.547910353	18.6686511939	9635.78342072	9756.99998226	85.0

102.456588245	16.9781246272	9637.56357805	9756.99829092	86.0

104.574962504	17.0229125522	9635.40210879	9756.99998384	86.0

104.490037395	15.4829878841	9637.02541795	9756.99844323	87.0

106.651625874	15.5267517474	9634.82160766	9756.99998528	87.0

106.572619893	14.1236425616	9636.30231913	9756.99858159	88.0

108.775698633	14.1661825101	9634.05810544	9756.99998659	88.0

108.702173968	12.8873958916	9635.40913744	9756.9987073	89.0

110.945070852	12.9285614304	9633.12635549	9756.99998777	89.0

110.876625774	11.7627738955	9634.35942189	9756.99882156	90.0

113.157720475	11.8024558258	9632.03981255	9756.99998885	90.0

113.093985829	10.7394013836	9633.16553822	9756.99892544	91.0

115.411709588	10.7775249032	9630.81075534	9756.99998983	91.0

115.352345704	9.80789404428	9631.83878015	9756.99901989	92.0

117.705180959	9.84441285161	9629.45039691	9756.99999072	92.0

117.649874906	8.9597613785	9630.38946953	9756.99910581	93.0

120.036354785	8.99465264317	9627.96898411	9756.99999153	93.0

119.984817935	8.18731936897	9628.82704668	9756.99918398	94.0

122.403525622	8.22057944872	9626.3758872	9756.99999227	94.0

122.355491479	7.48361188533	9627.16015175	9756.99925512	95.0

124.80505948	7.51525268647	9624.67968078	9756.99999295	95.0

124.760281742	6.84233993348	9625.3966982	9756.99931987	96.0

127.239391046	6.87238582515	9622.88821669	9756.99999356	96.0

127.197641874	6.25779794885	9623.54393901	9756.99937883	97.0

129.705021037	6.28628315345	9621.00868992	9756.99999411	97.0

129.666089494	5.72481641689	9621.60852662	9756.99943253	98.0

132.200513652	5.75178280962	9619.04769816	9756.99999462	98.0

132.164204306	5.23871017812	9619.59656697	9756.99948145	99.0

134.724494124	5.26420543766	9617.01129552	9756.99999508	99.0

134.690625782	4.79523184212	9617.5136684	9756.99952603	100.0

137.275646362	4.8193079021	9614.90504124	9756.99999551	100.0

137.24405093	4.39052979368	9615.36498593	9756.99956666	101.0

139.852710673	4.41324155179	9612.73404367	9756.99999589	101.0

139.823232119	4.02111032829	9613.15526125	9756.9996037	102.0

142.454481558	4.04251457542	9610.50300011	9756.99999624	102.0

142.426974973	3.68380350127	9610.888859	9756.99963748	103.0

145.079805585	3.70395803849	9608.21623294	9756.99999656	103.0

145.054136329	3.37573231792	9608.56979964	9756.99966829	104.0

147.727579329	3.39469523345	9605.87772229	9756.99999685	104.0

147.703622251	3.09428492999	9606.20178922	9756.9996964	105.0

150.396747379	3.11211401209	9603.49113573	9756.99999712	105.0

150.374386103	2.83708953824	9603.78824642	9756.99972206	106.0

153.086300412	2.8538418035	9601.05985515	9756.99999736	106.0

153.065426684	2.60199173138	9601.33232707	9756.99974548	107.0

155.795273321	2.61772305052	9598.58700121	9756.99999758	107.0

155.775786415	2.38703401915	9598.83694644	9756.99976687	108.0

158.522743419	2.40179882516	9596.07545554	9756.99999779	108.0

158.504549585	2.190437342	9596.30479948	9756.9997864	109.0

161.26782869	2.20428840751	9593.52788087	9756.99999797	109.0

161.25084065	2.0105843618	9593.73837924	9756.99980425	110.0

164.029686104	2.02357263444	9590.9467394	9756.99999814	110.0

164.013822587	1.84600435789	9591.13999361	9756.99982056	111.0

166.807509992	1.85817884403	9588.33430946	9756.9999983	111.0

166.792695305	1.69535957039	9588.51178059	9756.99983546	112.0

169.600530474	1.70676725905	9585.6927007	9756.99999844	112.0

169.586694109	1.5574328487	9585.85572213	9756.99984909	113.0

172.408011943	1.56811866868	9583.02386795	9756.99999857	113.0

172.395088208	1.43111647739	9583.17365687	9756.99986155	114.0

175.229251606	1.44112328157	9580.3296238	9756.99999868	114.0

175.217179289	1.31540206446	9580.4672916	9756.99987295	115.0

178.063578078	1.32477063621	9577.61165008	9756.99999879	115.0

178.052300135	1.20937138844	9577.73821186	9756.99988339	116.0

180.910350024	1.21814046586	9574.8715084	9756.99999889	116.0

180.899813287	1.11218811108	9574.98789153	9756.99989293	117.0

183.768954859	1.12039442544	9572.1106497	9756.99999898	117.0

183.759109768	1.02309027191	9572.21770163	9756.99990167	118.0

186.638807492	1.03076859712	9569.33042297	9756.99999906	118.0

186.629607847	0.941383488764	9569.42891834	9756.99990967	119.0

189.519349125	0.948566699449	9566.53208332	9756.99999914	119.0

189.510751852	0.866434796518	9566.62273036	9756.999917	120.0

