S	I	R	Total	Time

434.0	0.0	0.0	434.0	0.0

434.0	0.0	0.0	434.0	1.0

434.0	0.0	0.0	434.0	1.0

434.0	0.0	0.0	434.0	2.0

433.999998979	9.00570524147e-07	1.20439977947e-07	434.0	2.0

433.99999896	8.32720296851e-07	2.07026313226e-07	434.0	3.0

433.999996475	3.00552019748e-06	5.1903038702e-07	434.0	3.0

433.999996413	2.77908015376e-06	8.07999404451e-07	434.0	4.0

433.99999141	7.17139930933e-06	1.41819950727e-06	434.0	4.0

433.999991261	6.63109617659e-06	2.10770151544e-06	433.999999999	5.0

433.999981802	1.49970511821e-05	3.20115036214e-06	434.0	5.0

433.999981489	1.38671526178e-05	4.64305820441e-06	433.999999999	6.0

433.999964159	2.93027471049e-05	6.53805763432e-06	434.0	6.0

433.999963547	2.7095037613e-05	9.35540221219e-06	433.999999998	7.0

433.999932404	5.5000212562e-05	1.25956575793e-05	434.0	7.0

433.999931256	5.08564204019e-05	1.78837129949e-05	433.999999996	8.0

433.999875995	0.000100606676824	2.33979492068e-05	434.0	8.0

433.999873895	9.30268302409e-05	3.30708878499e-05	433.999999992	9.0

433.999776681	0.00018086764113	4.24509894771e-05	434.0	9.0

433.999772905	0.000167240821329	5.98407060053e-05	433.999999986	10.0

433.999602854	0.000321314871685	7.58306109331e-05	434.0	10.0

433.999596145	0.000297106559463	0.000106723779416	433.999999976	11.0

433.99929967	0.000566239369643	0.000134089781488	434.0	11.0

433.999287847	0.000523578094878	0.000188531482314	433.999999957	12.0

433.998771589	0.000992772411127	0.000235637699819	433.999999999	12.0

433.99875086	0.000917975509436	0.000331088883145	433.999999924	13.0

433.997851103	0.00173608492273	0.000412810248583	433.999999999	13.0

433.997814854	0.00160528571248	0.000579728017998	433.999999868	14.0

433.996241741	0.0030352801713	0.000722976313523	433.999999998	14.0

433.996178365	0.00280659743818	0.00101480660861	433.999999769	15.0

433.993411813	0.00531885295187	0.00126932985416	433.999999996	15.0

433.993300757	0.00491812158818	0.00178071668788	433.999999595	16.0

433.98839091	0.00936817920064	0.00224090329596	433.999999993	16.0

433.988195307	0.00866236256392	0.00314161684059	433.999999287	17.0

433.979367882	0.0166400872058	0.0039920178622	433.999999987	17.0

433.979020453	0.0153863840287	0.00559189636754	433.999998733	18.0

433.96287013	0.0299245091675	0.0072053375118	433.999999977	18.0

433.962245359	0.0276699034601	0.0100824594038	433.999997722	19.0

433.932034827	0.0547278604174	0.0132372700925	433.999999957	19.0

433.930892288	0.0506044142357	0.0184991309512	433.999995834	20.0

433.872877543	0.102253806173	0.0248685706495	433.99999992	20.0

433.870743116	0.0945492565667	0.0346998430168	433.999992215	21.0

433.756178059	0.195867840662	0.0479539464434	433.999999846	21.0

433.75209067	0.181108658388	0.0667857584226	433.999985087	22.0

433.520332982	0.384686623938	0.0949800920832	433.999999698	22.0

433.512309752	0.35569519172	0.131965762049	433.999970706	23.0

433.038568306	0.769264579832	0.192166511422	433.999999397	23.0

433.022542277	0.711272612383	0.266126509628	433.999941399	24.0

432.068778504	1.5398858073	0.391334480731	433.999998792	24.0

432.036771378	1.42372992563	0.53938130883	433.999882612	25.0

430.201098348	3.01425850693	0.784640776063	433.999997631	25.0

430.13872169	2.78662588562	1.07442233285	433.999769908	26.0

426.820648463	5.66157736271	1.51776971406	433.99999554	26.0

426.70442615	5.23313039139	2.06201023464	433.999566776	27.0

421.074120132	10.1244537523	2.8014181057	433.99999199	27.0

420.869131703	9.35556113411	3.77452926164	433.999222099	28.0

411.840353248	17.2356144165	4.9240186074	433.999986272	28.0

411.49917378	15.9192582292	6.5802350778	433.998667087	29.0

397.759768444	27.9781652597	8.26204378693	433.99997749	29.0

397.225196399	25.8230262705	10.9495924882	433.997815158	30.0

377.396709409	43.3256375546	13.2776176803	433.999964644	30.0

376.611954724	39.9473107555	17.4373044932	433.996569973	31.0

349.608528155	63.9003933957	20.4910253175	433.999946869	31.0

348.537579677	58.8354422013	26.6218271635	433.994849042	32.0

314.148590721	89.4393221088	30.4120110866	433.999923916	32.0

312.803638368	82.2034956766	38.9854963056	433.992630351	33.0

272.308257527	118.273264074	43.4183751863	433.999896788	33.0

270.76921556	108.476801458	54.7439960213	433.990013039	34.0

227.090028536	147.304671182	59.6051683537	433.999868071	34.0

225.494365996	134.797986256	73.6948965428	433.987248794	35.0

182.485416834	172.834251994	78.6801725993	433.999841427	35.0

180.983479883	157.807735534	95.1934752785	433.984690695	36.0

142.142039117	191.871245746	99.9865354253	433.999820289	36.0

140.845140288	174.837182008	118.300344969	433.982667265	37.0

108.294349319	203.049132022	122.656325304	433.999806645	37.0

107.249845109	184.710749189	142.020772654	433.981366952	38.0

81.5336455399	206.656116568	145.810038598	433.999800706	38.0

80.7338658013	187.741537953	165.505403471	433.980807225	39.0

61.2571692788	204.036247548	168.706384556	433.999801382	39.0

60.6641572394	185.174431562	188.142293031	433.980881832	40.0

46.3016474265	196.89345965	190.80469995	433.999807027	40.0

45.8691902305	178.558983185	209.55325852	433.981431936	41.0

35.4213880773	186.819946443	211.758481478	433.999815999	41.0

35.1074868089	169.331785623	229.543027441	433.982299873	42.0

27.5334907503	175.090016666	231.376319523	433.999826938	42.0

27.3047918482	158.63759912	248.040964462	433.983355429	43.0

21.7922370164	162.630240181	249.57736164	433.999838838	43.0

21.6240812847	147.306506917	265.053913866	433.984502068	44.0

17.575674455	150.070299247	266.3538773	433.999851002	44.0

17.450504684	135.901485639	280.633682912	433.985673234	45.0

14.4413167044	137.814736969	281.743809303	433.999862976	45.0

14.3468480876	124.78354805	294.856429444	433.986825582	46.0

12.0794023157	126.108451117	295.812021047	433.99987448	46.0

12.0070804488	114.170727718	307.810124243	433.98793241	47.0

10.2741785879	115.087750828	308.637955939	433.999885355	47.0

10.2180285663	104.183902701	319.58704716	433.988978428	48.0

8.87503656709	104.81717391	320.307685042	433.99989552	48.0

8.83085240392	94.8797838679	330.279319651	433.989955922	49.0

7.776110737	95.3149329179	330.908861288	433.999904943	49.0

7.74090016804	86.2736954069	339.976266532	433.990862106	50.0

6.90224989303	86.57008683	340.527576907	433.99991363	50.0

6.87385838655	78.3549411836	348.762897743	433.991697313	51.0

6.19948712262	78.5539694707	349.246465008	433.999921602	51.0

6.17634365673	71.0970292761	356.719090862	433.992463795	52.0

5.62858543859	71.2277280446	357.143615411	433.999928895	52.0

5.60952987566	64.4644151743	363.919219885	433.993164935	53.0

5.16065391242	64.5472585004	364.292023137	433.99993555	53.0

5.14481886481	58.4169154326	370.432070422	433.99380472	54.0

4.77415047099	58.466407454	370.759383686	433.999941611	54.0

4.76087965941	52.9125700365	376.320937708	433.994387404	55.0

4.45281449158	52.9390212466	376.608111385	433.999947123	55.0

4.44160570393	47.9094729762	381.643838612	433.994917292	56.0

4.1842261219	47.9202280368	381.895497971	433.99995213	56.0

4.17469090298	43.3669163608	386.453791337	433.9953986	57.0

3.958791329	43.3672095478	386.673955797	433.999956674	57.0

3.95062616448	39.2460777568	390.799131452	433.995835373	58.0

3.76901884062	39.2396336411	390.991308312	433.999960794	58.0

3.76198432282	35.5104039852	394.723843124	433.996231433	59.0

3.60899925832	35.4998623771	394.891102892	433.999964528	59.0

3.60290485603	32.1257940438	398.267891456	433.996590356	60.0

3.47402568721	32.1130127092	398.412929513	433.99996791	60.0

3.46871849322	29.0606502383	401.467546735	433.996915466	61.0

3.36031448681	29.0469219146	401.592734571	433.999970972	61.0

3.35567081947	26.2858441905	404.35569482	433.99720983	62.0

3.2647976096	26.2720530457	404.463123089	433.999973744	62.0

3.26071668359	23.7746293235	406.962130262	433.997476269	63.0

3.18496665747	23.7613643128	407.053645282	433.999976252	63.0

3.18136576995	21.502521238	409.313830361	433.997717368	64.0

3.1187546776	21.4901585713	409.391065273	433.999978522	64.0

3.11556551495	19.4471604645	411.435209511	433.997935491	65.0

3.06444576483	19.4359237979	411.499611011	433.999980574	65.0

3.0616115458	17.5881673314	413.348353914	433.998132791	66.0

3.02060534237	17.5781718024	413.401205286	433.999982431	66.0

3.01807859093	15.9069954338	415.073237208	433.998311233	67.0

2.98602595667	15.8982799178	415.115678235	433.999984109	67.0

2.98376675306	14.3867879412	416.627917906	433.9984726	68.0

2.95968481073	14.3793386824	416.660962134	433.999985627	68.0

2.95765940843	13.0122394332	418.028719673	433.998618514	69.0

2.94071025064	13.0060073328	418.053269417	433.999987	69.0

2.93888997564	11.7694648824	419.290395588	433.998750446	70.0

2.92835513369	11.7643781093	419.307254998	433.999988241	70.0

2.92671550288	10.6458766708	420.426277557	433.99886973	71.0

2.92197552405	10.6418498123	420.436164027	433.999989363	71.0

2.92049553511	9.63007002061	421.44841202	433.998977576	72.0

2.9210135421	9.62701067124	421.451966164	433.999990377	72.0

2.9196750982	8.71171688772	422.367683092	433.999075077	73.0

2.92498347327	8.7095303371	422.365477484	433.999991294	73.0

2.92377091468	7.88146813527	423.193924177	433.999163227	74.0

2.93346045112	7.88006064837	423.186471024	433.999992124	74.0

2.93236017179	7.13086366653	423.936019084	433.999242922	75.0

2.94607118557	7.13014472104	423.923776967	433.999992873	75.0

2.94507131785	6.45225010561	424.601993552	433.999314975	76.0

2.96248632546	6.45213385984	424.585373366	433.999993551	76.0

2.96157647964	5.83870556721	425.199098073	433.99938012	77.0

2.98241413423	5.83911176277	425.178468267	433.999994164	77.0

2.98158518239	5.28397103534	425.733882803	433.999439021	78.0

3.00559522639	5.28482548743	425.709574004	433.999994718	78.0

3.00483912223	4.78238786787	426.212265288	433.999492278	79.0

3.03179816513	4.78362265795	426.184574396	433.999995219	79.0

3.03110779326	4.32884095403	426.639591688	433.999540436	80.0

3.06081576266	4.33039441068	426.608785499	433.999995672	80.0

3.06018481189	3.91870706908	427.020692102	433.999583983	81.0

3.09246195655	3.92052360146	426.987010524	433.999996082	81.0

3.09188481306	3.54780799384	427.359930558	433.999623365	82.0

3.12656916054	3.54983782575	427.323589466	433.999996452	82.0

3.1260408174	3.21236799216	427.661250172	433.999658981	83.0

3.16298600786	3.21456683235	427.622443947	433.999996787	83.0

3.16250198813	2.90897526622	427.928213941	433.999691195	84.0

3.20157542066	2.91130394148	427.887117728	433.99999709	84.0

3.20113171177	2.63454703713	428.164041584	433.999720333	85.0

3.24221295165	2.63697110746	428.120813306	433.999997365	85.0

3.24180594923	2.38629792505	428.371642817	433.999746691	86.0

3.28478535382	2.38878729489	428.326424964	433.999997613	86.0

3.28441181345	2.16171132857	428.553647394	433.999770536	87.0

3.32918934205	2.16423986415	428.506568631	433.999997837	87.0

3.32884633762	1.95851352829	428.712432245	433.999792111	88.0

3.3753305169	1.96105868795	428.663608835	433.99999804	88.0

3.37501540464	1.7746502623	428.850145965	433.999811632	89.0

3.42312242594	1.77719274452	428.799683054	433.999998224	89.0

3.42283281313	1.60826554338	428.96873094	433.999829297	90.0

3.47248574211	1.6107889553	428.916723693	433.99999839	90.0

3.47221945991	1.45768250764	429.069943316	433.999845284	91.0

3.52334754231	1.46017305587	429.016477943	433.999998541	91.0

3.52310262194	1.32138610345	429.155371028	433.999859754	92.0

3.57564067173	1.32383230764	429.100525698	433.999998677	92.0

3.57541532363	1.19800744634	429.226450082	433.999872852	93.0

3.62930318219	1.20039987574	429.170295743	433.999998801	93.0

3.62909577773	1.08630968176	429.284479251	433.99988471	94.0

3.68427783439	1.08864071413	429.227080364	433.999998912	94.0

3.68408688972	0.985175212047	429.330633345	433.999895447	95.0

3.74051165559	0.98743881416	429.272048544	433.999999013	95.0

3.7403358173	0.893594157216	429.365975194	433.999905169	96.0

3.79795554539	0.895785685867	429.306257874	433.999999105	96.0

3.79779357793	0.81065393138	429.391466464	433.999913973	97.0

3.85656392379	0.812769953702	429.33066531	433.999999188	97.0

3.85641469815	0.735529827725	429.407977422	433.999921948	98.0

3.91629441593	0.737567959562	429.346136888	433.999999263	98.0

3.91615689968	0.667476515027	429.416295757	433.999929172	99.0

3.97710756938	0.669435276031	429.353456486	433.999999331	99.0

3.97698081765	0.605820357888	429.417134541	433.999935716	100.0

4.03896659983	0.607699042061	429.353333751	433.999999393	100.0

4.03884974731	0.549952481224	429.411139418	433.999941646	101.0

4.10183716208	0.55175104161	429.346411245	433.999999449	101.0

4.10172941585	0.499322507092	429.398895097	433.99994702	102.0

4.16568714333	0.501041453426	429.333270903	433.9999995	102.0

4.16558777637	0.453432898846	429.380931216	433.999951891	103.0

4.23048647636	0.455073206967	429.314439862	433.999999545	103.0

4.23039482172	0.41183385381	429.357727631	433.999956306	104.0

4.29620697031	0.413396885759	429.290395731	433.999999587	104.0

4.29612241587	0.374118691341	429.329719202	433.999960309	105.0

4.36282215734	0.375606125115	429.261571342	433.999999625	105.0

4.36274414105	0.339919688228	429.297300109	433.999963938	106.0

4.4303071533	0.341333456226	429.22835905	433.999999659	106.0

4.43023515888	0.308904318046	429.260827753	433.99996723	107.0

4.49863853113	0.310246553339	429.191114606	433.99999969	107.0

4.49857208415	0.280771855236	429.220626276	433.999970215	108.0

4.56779420559	0.282044844836	429.150160668	433.999999718	108.0

4.56773286995	0.255250308502	429.176989745	433.999972924	109.0

4.63775332823	0.2564564529	429.105789963	433.999999744	109.0

4.63769670293	0.232093651537	429.130185027	433.999975381	110.0

4.70849619155	0.23323542981	429.058268146	433.999999767	110.0

4.70844390778	0.21107932217	429.080454381	433.999977611	111.0

4.78000414159	0.212159262066	429.007836384	433.999999788	111.0

4.77995586001	0.192005963868	429.028017811	433.999979635	112.0

4.85225949789	0.193026616282	428.954713693	433.999999807	112.0

4.85221490626	0.174691386015	428.97307518	433.999981472	113.0

4.92524548041	0.175655303366	428.899099041	433.999999825	113.0

4.92520429132	0.158970721718	428.915808127	433.99998314	114.0

4.99894614257	0.159880439764	428.841173258	433.99999984	114.0

4.99890809142	0.144694763929	428.856381799	433.999984655	115.0

5.07334630991	0.145552786601	428.781100758	433.999999855	115.0

5.07331115306	0.131728462554	428.794946415	433.99998603	116.0

5.14843152387	0.132537249449	428.719031094	433.999999868	116.0

5.14839903694	0.119949566895	428.731638676	433.99998728	117.0

5.22418799019	0.120711523092	428.655100366	433.999999879	117.0

5.22415796648	0.109247399317	428.66658305	433.999988415	118.0

5.30060253156	0.109964867216	428.589432491	433.99999989	118.0

5.30057478067	0.0995217473717	428.599892919	433.999989447	119.0

5.37766254413	0.100197000296	428.522140356	433.9999999	119.0

5.37763689062	0.0906818628851	428.531671631	433.999990385	120.0

