S	I	R	Total	Time

11976.9899401	0.0100498849497	1.00498849497e-05	11977.0	0.0

11976.9821611	0.0165298919075	0.00131552077967	11977.0000065	1.0

11976.9830815	0.0156621355621	0.00125642613151	11977.0000001	1.0

11976.9709584	0.0257608216302	0.00329092281119	11977.0000102	2.0

11976.972452	0.0244184586925	0.0031296569998	11977.0000001	2.0

11976.9535512	0.0401630496269	0.00630159072045	11977.0000159	3.0

11976.9559302	0.038083729241	0.00598625182464	11977.0000002	3.0

11976.9264521	0.0626393785218	0.010933288058	11977.0000247	4.0

11976.9302005	0.0594168995475	0.010382906782	11977.0000003	4.0

11976.8842099	0.0977276005628	0.0181010928449	11977.0000386	5.0

11976.8900777	0.0927330117029	0.0171897190963	11977.0000005	5.0

11976.8182998	0.152524808828	0.0292356135646	11977.0000602	6.0

11976.8274481	0.144784989871	0.027767665418	11977.0000007	6.0

11976.7153815	0.238137564604	0.0465750039514	11977.0000941	7.0

11976.729605	0.226148881179	0.0442472187807	11977.0000011	7.0

11976.5545636	0.37195985199	0.0736235028179	11977.0001469	8.0

11976.5766317	0.353403585212	0.0699664238123	11977.0000018	8.0

11976.3030998	0.581257114511	0.11587260834	11977.0002295	9.0

11976.3372733	0.552568348212	0.110161071631	11977.0000027	9.0

11975.9096038	0.908817369561	0.181937667747	11977.0003588	10.0

11975.9624091	0.86454021652	0.173054984988	11977.0000043	10.0

11975.2933194	1.4218876965	0.28535420546	11977.0005613	11.0

11975.3746865	1.3537313844	0.271588798133	11977.0000067	11.0

11974.3270868	2.22636364599	0.447428001788	11977.0008784	12.0

11974.4519633	2.12187161679	0.426175574816	11977.0000105	12.0

11972.8101452	3.48944868734	0.701781935017	11977.0013758	13.0

11973.0006377	3.33025269024	0.669126122838	11977.0000165	13.0

11970.4243547	5.47613540246	1.10166659462	11977.0021567	14.0

11970.7121796	5.23601433493	1.05183191362	11977.0000259	14.0

11966.662917	8.60862140944	1.73184607192	11977.0033845	15.0

11967.0910922	8.25234725915	1.65660125138	11977.0000407	15.0

11960.7124379	13.5646530103	2.72822741275	11977.0053183	16.0

11961.3327841	13.050705505	2.61657456088	11977.0000642	16.0

11951.2534926	21.4438946642	4.31098341681	11977.0083707	17.0

11952.1103814	20.7395458651	4.15017411335	11977.0001014	17.0

11936.1138568	34.057307413	6.84203633873	11977.0132006	18.0

11937.1896739	33.1877205378	6.62276641596	11977.0001608	18.0

11911.6460905	54.4465425594	10.9282283299	11977.0208614	19.0

11912.711034	53.6280311144	10.6611908438	11977.000256	19.0

11871.5787731	87.8414047886	17.6128403254	11977.0330182	20.0

11871.8332992	87.7942543804	17.3728550017	11977.0004086	20.0

11804.8870184	143.426910839	28.7382514354	11977.0521807	21.0

11802.2760609	145.959539806	28.7650489193	11977.0006496	21.0

11692.0763287	237.387585197	47.6176274387	11977.0815413	22.0

11682.4693625	246.034557591	48.497090192	11977.0010103	22.0

11499.8698922	397.099961044	80.1529297465	11977.122783	23.0

11477.0582983	416.924008061	83.019165757	11977.0014721	23.0

11176.62451	664.232700481	136.31053698	11977.1677475	24.0

11134.0819039	700.057745281	142.862181185	11977.0018304	24.0

10654.0302661	1091.76928367	231.37934666	11977.1788964	25.0

10588.4414477	1145.04385485	243.516150492	11977.001453	25.0

9863.57542069	1727.61253704	385.876247192	11977.0642049	26.0

9778.97930086	1793.01505661	405.00478362	11976.9991411	26.0

8773.88741867	2580.21764503	622.583393182	11976.6884569	27.0

8682.764401	2645.32537169	648.903928063	11976.9937007	27.0

7434.7274327	3581.30640485	959.953473635	11975.9873112	28.0

7353.40855305	3631.43127329	992.145710607	11976.9855369	28.0

5986.75797486	4584.469735	1403.90221735	11975.1299272	29.0

5928.0357282	4609.48943991	1439.45242944	11976.9775976	29.0

4608.70549095	5422.64927962	1943.12277287	11974.4775434	30.0

4577.19523787	5420.65511581	1979.12299433	11976.973348	30.0

3436.79892157	5985.52249735	2551.95873617	11974.2801551	31.0

3429.49020573	5961.56574487	2585.91778871	11976.9737393	31.0

2523.31604032	6252.23185266	3198.94313653	11974.4910295	32.0

2533.29603048	6214.44467072	3229.23643375	11976.9771349	32.0

1851.68869198	6268.05442149	3855.15512933	11974.8982428	33.0

1871.7441241	6224.18139119	3881.05589857	11976.9814139	33.0

1373.76598347	6102.94692857	4498.60850415	11975.3214162	34.0

1398.28306114	6058.63231589	4520.06992118	11976.9852982	34.0

1038.00446406	5822.83480725	5114.83720297	11975.6764743	35.0

1063.36955532	5781.40259085	5132.21622524	11976.9883714	35.0

801.903725695	5478.50751128	5695.53629155	11975.9475285	36.0

826.150216758	5441.47321693	5709.3672313	11976.990665	36.0

634.323869456	5105.0563262	6236.76700276	11976.1471984	37.0

656.586946786	5072.7903515	6247.61505154	11976.9923498	37.0

513.718838408	4725.15150418	6737.42357567	11976.2939183	38.0

533.767905731	4697.4178824	6745.80780983	11976.993598	38.0

425.545661273	4352.73028701	7198.12754981	11976.4034981	39.0

443.467843921	4329.03594702	7204.49075183	11976.9945428	39.0

360.048728345	3995.94342322	7620.49531218	11976.4874638	40.0

376.064468933	3975.73082896	7625.19997987	11976.9952778	40.0

310.65485866	3659.22428011	8006.67453205	11976.5536708	41.0

325.022008446	3641.96290752	8010.01094983	11976.9958658	41.0

272.88973134	3344.65940231	8359.05820009	11976.6073337	42.0

285.858681162	3329.88115368	8361.25651367	11976.9963485	42.0

243.667395004	3052.87322776	8680.11127484	11976.6518976	43.0

255.462914578	3040.18020568	8681.35363335	11976.9967536	43.0

220.828389367	2783.59377665	8972.26749179	11976.6896578	44.0

231.644456936	2772.65398065	8972.69866212	11976.9970997	44.0

202.838821939	2536.01370266	9237.86964558	11976.7221702	45.0

212.839313381	2526.55241488	9237.60567134	11976.9973996	45.0

188.592762704	2309.02095796	9479.13679325	11976.7505139	46.0

197.914480287	2300.8113965	9478.27178551	11976.9976623	46.0

177.281078421	2101.34624887	9698.14813085	11976.7754581	47.0

186.037455511	2094.20097333	9696.75946547	11976.9978943	47.0

168.303298943	1911.65709468	9896.83717375	11976.7975674	48.0

176.588037748	1905.42065589	9894.98940686	11976.9981005	48.0

161.207634182	1738.61737958	10076.9922547	11976.8172685	49.0

169.097979299	1733.16026244	10074.7400429	11976.9982846	49.0

155.649618015	1580.92444717	10240.2608285	11976.8348937	50.0

163.209178369	1576.13817781	10237.6510933	11976.9984495	50.0

151.363227434	1437.33149126	10388.1559901	11976.8507088	51.0

158.644353285	1433.1247251	10385.2295193	11976.9985977	51.0

148.140460622	1306.66028009	10522.0641905	11976.8649312	52.0

155.186220361	1302.9556875	10518.8568231	11976.998731	52.0

145.816721763	1187.80751834	10643.2535027	11976.8777428	53.0

152.662534593	1184.53930582	10639.7970108	11976.9988512	53.0

144.260240559	1079.74703498	10752.8820226	11976.8892982	54.0

150.935220532	1076.85896678	10749.2047723	11976.9989596	54.0

143.364328511	981.529257538	10852.0061444	11976.8997305	55.0

149.892389763	978.973069228	10848.1335986	11976.9990576	55.0

143.041652568	892.278955387	10941.5885479	11976.9091558	56.0

149.442418511	890.013073823	10937.5436537	11976.9991461	56.0

143.219959243	811.191916159	11022.5058009	11976.9176763	57.0

149.509511408	809.180419164	11018.3092955	11976.9992261	57.0

143.838852563	737.531005771	11095.5555239	11976.9253822	58.0

150.030348433	735.742770129	11091.2261799	11976.9992985	58.0

144.847345273	670.621917501	11161.4630912	11976.9323539	59.0

150.951529045	669.029915614	11157.0179193	11976.999364	59.0

146.201982763	609.848816346	11220.8878641	11976.9386632	60.0

152.227608425	608.429531118	11216.3422837	11976.9994232	60.0

147.865394908	554.650016567	11274.428963	11976.9443744	61.0

153.819577355	553.382951024	11269.7969485	11976.9994769	61.0

149.805170235	504.513782871	11322.6305922	11976.9495453	62.0

155.693677138	503.381046393	11317.924802	11976.9995255	62.0

151.992974721	458.974312687	11365.9869404	11976.9542278	63.0

157.820469467	457.960269739	11361.2188303	11976.9995695	63.0

154.403857561	417.607933925	11404.9466773	11976.9584688	64.0

160.17410164	416.698904266	11400.1266034	11976.9996094	64.0

157.015700717	380.029536571	11439.9170732	11976.9623105	65.0

162.731722405	379.213538215	11435.0543848	11976.9996455	65.0

159.808779711	345.889245284	11471.267766	11976.965791	66.0

165.473014634	345.155773286	11466.3708903	11976.9996782	66.0

162.765410928	314.869332527	11499.3342012	11976.9689447	67.0

168.379819104	314.209167999	11494.4107207	11976.9997078	67.0

165.869666512	286.681366533	11524.4207697	11976.9718027	68.0

171.435829685	286.086411359	11519.4774936	11976.9997347	68.0

169.10714233	261.063585041	11546.8036658	11976.9743931	69.0

174.626344725	260.526718547	11541.8466958	11976.999759	69.0

172.464767756	237.77848356	11566.7334901	11976.9767414	70.0

177.93806289	237.293438045	11561.7682802	11976.9997811	70.0

175.930648544	216.610605697	11584.4376161	11976.9788704	71.0

181.358914283	216.171858228	11579.4690286	11976.9998011	71.0

179.49393598	197.364522505	11600.1223424	11976.9808009	72.0

184.877919687	196.967200778	11595.1546988	11976.9998193	72.0

183.144716993	179.862987659	11613.974847	11976.9825517	73.0

188.485072314	179.50278806	11609.0119754	11976.9998357	73.0

186.873921021	163.945255476	11626.1649633	11976.9841398	74.0

192.171237635	163.618371735	11621.2102413	11976.9998507	74.0

190.67324037	149.465549194	11636.846791	11976.9855805	75.0

195.928067804	149.168610256	11631.9031862	11976.9998642	75.0

194.535061444	136.291667471	11646.1601589	11976.9868878	76.0

199.747927907	136.021683384	11641.2302652	11976.9998765	76.0

198.452404808	124.303717704	11654.2319517	11976.9880742	77.0

203.623831854	124.058032496	11649.3180233	11976.9998877	77.0

202.418872468	113.392965466	11661.1773131	11976.9891511	78.0

207.549386171	113.169216098	11656.2812955	11976.9998978	78.0

206.428601072	103.460790051	11667.1007375	11976.9901287	79.0

211.518740298	103.256870672	11662.224296	11976.999907	79.0

210.476220028	94.4177368476	11672.0970595	11976.9910163	80.0

215.526542314	94.2317676525	11667.2416054	11976.9999154	80.0

214.55681372	86.1826579276	11676.2523509	11976.9918225	81.0

219.56789918	86.012958032	11671.4190657	11976.999923	81.0

218.665887193	78.6819329356	11679.6447346	11976.9925548	82.0

223.638340813	78.5269967362	11674.8345923	11976.9999298	82.0

222.799334781	71.8487629847	11682.3451223	11976.9932201	83.0

227.733787427	71.7072395543	11677.5589091	11976.9999361	83.0

226.953411293	65.622530878	11684.4178824	11976.9938246	84.0

231.850519678	65.4932059947	11679.6562161	11976.9999418	84.0

231.124705409	59.9482215384	11685.9214471	11976.994374	85.0

235.985151246	59.8300020041	11681.1847937	11976.999947	85.0

235.310115036	54.7758970609	11686.9088614	11976.9948735	86.0

240.134603577	54.6677970061	11682.1975511	11976.9999517	86.0

239.506824413	50.0602212934	11687.4282819	11976.9953277	87.0

244.296082515	49.9613502064	11682.7425232	11976.999956	87.0

243.712282786	45.7600293047	11687.5234286	11976.9957407	88.0

248.467056646	45.6695815566	11682.8633216	11976.9999598	88.0

247.924184519	41.8379375198	11687.2339943	11976.9961163	89.0

252.645237183	41.7551831872	11682.599543	11976.9999634	89.0

252.140450516	38.2599906866	11686.5960169	11976.9964581	90.0

256.828559254	38.1842675	11681.9871398	11976.9999666	90.0

256.359210861	34.995342192	11685.642216	11976.9967691	91.0

261.015164482	34.9260484609	11681.0587566	11976.9999695	91.0

260.578788586	32.015964566	11684.402299	11976.9970521	92.0

265.203384749	31.952552952	11679.8440345	11976.9999722	92.0

264.797684495	29.2963873121	11682.903238	11976.9973098	93.0

269.391727067	29.2383593376	11678.3698882	11976.9999746	93.0

269.014562982	26.8134594651	11681.169522	11976.9975444	94.0

273.578859481	26.7603606621	11676.6607567	11976.9999768	94.0

273.228238781	24.546134527	11679.2233848	11976.9977581	95.0

277.763597927	24.4975501422	11674.7388308	11976.9999788	95.0

277.437664594	22.4752756527	11677.0850125	11976.9979527	96.0

281.944893994	22.4308268365	11672.6242598	11976.9999807	96.0

281.641919555	20.5834791568	11674.7727314	11976.9981301	97.0

286.121823533	20.5428195749	11670.3353392	11976.9999824	97.0

285.840198469	18.8549146013	11672.3031786	11976.9982917	98.0

290.293576058	18.8177274143	11667.8886804	11976.9999839	98.0

290.031801808	17.2751798844	11669.6914573	11976.998439	99.0

294.459444899	17.2411750506	11665.2993653	11976.9999853	99.0

294.216126392	15.8311699069	11666.9512769	11976.9985732	100.0

298.618818052	15.8000817665	11662.5810867	11976.9999865	100.0

298.392656747	14.5109575241	11664.0950814	11976.9986957	101.0

302.771169698	14.4825426315	11659.7462754	11976.9999877	101.0

302.560957079	13.3036856187	11661.1341647	11976.9988074	102.0

306.91605234	13.2777207929	11656.8062156	11976.9999887	102.0

306.72066384	12.1994692384	11658.0787762	11976.9989092	103.0

311.053089522	12.1757498057	11653.7711504	11976.9999897	103.0

310.871478849	11.1893068467	11654.9382165	11976.9990022	104.0

315.181969107	11.167645053	11650.6503764	11976.9999906	104.0

315.013162937	10.2649998231	11651.7209243	11976.999087	105.0

319.302437057	10.2452233968	11647.4523309	11976.9999914	105.0

319.145530079	9.41907943324	11648.4345549	11976.9991645	106.0

323.41429171	9.4010302825	11644.1846701	11976.9999921	106.0

323.26844199	8.64474056553	11645.0860526	11976.9992352	107.0

327.517378492	8.62827359366	11640.8543407	11976.9999928	107.0

327.381803149	7.9357815947	11641.681715	11976.9992997	108.0

331.611585072	7.92076362288	11637.4676447	11976.9999934	108.0

331.485556228	7.28654979737	11638.2272527	11976.9993587	109.0

335.696836892	7.27285858229	11634.0302985	11976.9999939	109.0

335.579677897	6.69189179726	11634.7278429	11976.9994126	110.0

339.773093078	6.67941513442	11630.5474862	11976.9999944	110.0

339.664174981	6.14710856862	11631.1881782	11976.9994618	111.0

343.840342693	6.1357434728	11627.0239087	11976.9999949	111.0

343.739080943	5.64791457124	11627.6125113	11976.9995068	112.0

347.898601298	5.63756652636	11623.4638275	11976.9999953	112.0

347.804452674	5.19040063041	11624.0046946	11976.9995479	113.0

351.947907827	5.1809829025	11619.871105	11976.9999957	113.0

351.860367564	4.771000213	11620.3682177	11976.9995855	114.0

355.988321722	4.76243322007	11616.2492411	11976.9999961	114.0

355.906920833	4.38645878273	11616.7062403	11976.9996199	115.0

360.019920332	4.37866951663	11612.6014066	11976.9999964	115.0

359.944223109	4.03380594889	11613.0216223	11976.9996514	116.0

364.042796543	4.02672744425	11608.9304727	11976.9999967	116.0

363.972398229	3.71033014871	11609.3169518	11976.9996802	117.0

368.057056629	3.70390099502	11605.2390394	11976.999997	117.0

367.991581248	3.41355562906	11605.5945696	11976.9997065	118.0

372.062818305	3.40771952199	11601.5294594	11976.9999972	118.0

372.001916636	3.14122151454	11601.8565925	11976.9997306	119.0

376.060208966	3.13592684341	11597.8038616	11976.9999975	119.0

376.003556656	2.89126276964	11598.1049333	11976.9997527	120.0

